%Sortie Graphique : 
%Taille Echantillon : 10
%Echantillonnage : 100
%Température de départ : 7000.0
%Température de fin : 0.0


%---------------------------------------------------------------------
%Benchmark :data/le450_25a.col
clear all;
figure;
title('data/le450_25a.col,  k =[1]'
xlabel('Nombre d iterations');
ylabel('Energie');

%Constante k : 1.0
Facteur : 0.7


%Seed du coloriage : -1614868444
%Recuit Simulé Exponentiel avec k l'energie moyenne
%Nombre d'itération : 20000

u0=[5241.0, 3384.0, 2157.0, 1420.0, 938.0, 654.0, 474.0, 368.0, 292.0, 237.0, 207.0, 174.0, 150.0, 133.0, 130.0, 120.0, 115.0, 109.0, 105.0, 101.0, 93.0, 92.0, 89.0, 83.0, 81.0, 77.0, 73.0, 71.0, 67.0, 66.0, 65.0, 64.0, 63.0, 61.0, 58.0, 57.0, 55.0, 53.0, 51.0, 50.0, 48.0, 46.0, 46.0, 44.0, 41.0, 41.0, 41.0, 41.0, 40.0, 38.0, 38.0, 38.0, 37.0, 37.0, 35.0, 35.0, 35.0, 35.0, 35.0, 35.0, 34.0, 34.0, 34.0, 34.0, 33.0, 33.0, 32.0, 32.0, 32.0, 32.0, 32.0, 31.0, 31.0, 31.0, 31.0, 30.0, 30.0, 30.0, 30.0, 28.0, 28.0, 28.0, 28.0, 27.0, 27.0, 27.0, 27.0, 27.0, 27.0, 27.0, 27.0, 27.0, 27.0, 27.0, 27.0, 27.0, 27.0, 27.0, 27.0, 27.0, 26.0, 26.0, 25.0, 25.0, 25.0, 25.0, 24.0, 24.0, 24.0, 24.0, 23.0, 23.0, 22.0, 22.0, 22.0, 21.0, 21.0, 21.0, 21.0, 20.0, 20.0, 20.0, 20.0, 20.0, 20.0, 20.0, 20.0, 20.0, 20.0, 20.0, 20.0, 20.0, 20.0, 20.0, 20.0, 20.0, 20.0, 20.0, 20.0, 20.0, 19.0, 19.0, 19.0, 19.0, 19.0, 19.0, 19.0, 19.0, 18.0, 18.0, 18.0, 18.0, 18.0, 18.0, 18.0, 18.0, 18.0, 18.0, 18.0, 18.0, 17.0, 17.0, 17.0, 17.0, 17.0, 17.0, 17.0, 17.0, 16.0, 16.0, 16.0, 16.0, 16.0, 15.0, 15.0, 15.0, 15.0, 15.0, 15.0, 15.0, 15.0, 15.0, 15.0, 13.0, 12.0, 12.0, 12.0, 12.0, 12.0, 12.0, 12.0, 12.0, 12.0, 12.0, 12.0, 12.0, 12.0, 12.0, 11.0];
u1=[5461.0, 3438.0, 2156.0, 1345.0, 945.0, 657.0, 473.0, 361.0, 273.0, 222.0, 192.0, 176.0, 152.0, 143.0, 136.0, 123.0, 118.0, 111.0, 106.0, 99.0, 98.0, 96.0, 90.0, 87.0, 83.0, 79.0, 76.0, 73.0, 68.0, 62.0, 61.0, 58.0, 58.0, 57.0, 57.0, 56.0, 55.0, 54.0, 53.0, 53.0, 52.0, 51.0, 50.0, 48.0, 47.0, 47.0, 44.0, 42.0, 42.0, 41.0, 41.0, 39.0, 38.0, 36.0, 36.0, 36.0, 36.0, 36.0, 36.0, 36.0, 36.0, 36.0, 36.0, 35.0, 34.0, 34.0, 34.0, 34.0, 33.0, 33.0, 33.0, 32.0, 32.0, 31.0, 30.0, 29.0, 29.0, 28.0, 28.0, 28.0, 28.0, 27.0, 27.0, 27.0, 27.0, 27.0, 27.0, 25.0, 24.0, 24.0, 24.0, 24.0, 24.0, 23.0, 22.0, 22.0, 22.0, 21.0, 21.0, 21.0, 21.0, 21.0, 21.0, 21.0, 21.0, 21.0, 21.0, 21.0, 21.0, 21.0, 20.0, 20.0, 20.0, 20.0, 19.0, 19.0, 19.0, 19.0, 19.0, 18.0, 18.0, 18.0, 18.0, 18.0, 18.0, 18.0, 17.0, 17.0, 17.0, 17.0, 17.0, 17.0, 17.0, 17.0, 17.0, 17.0, 17.0, 17.0, 17.0, 17.0, 17.0, 17.0, 17.0, 17.0, 17.0, 17.0, 17.0, 17.0, 17.0, 17.0, 17.0, 17.0, 17.0, 17.0, 17.0, 17.0, 17.0, 17.0, 17.0, 17.0, 17.0, 17.0, 17.0, 17.0, 17.0, 17.0, 17.0, 17.0, 17.0, 17.0, 17.0, 17.0, 17.0, 17.0, 17.0, 17.0, 17.0, 17.0, 17.0, 17.0, 17.0, 17.0, 17.0, 17.0, 17.0, 17.0, 17.0, 17.0, 17.0, 17.0, 17.0, 17.0, 17.0, 16.0, 16.0, 16.0, 16.0, 16.0, 16.0];
u2=[5670.0, 3948.0, 2747.0, 1996.0, 1300.0, 867.0, 561.0, 394.0, 311.0, 272.0, 229.0, 204.0, 177.0, 164.0, 148.0, 133.0, 125.0, 118.0, 109.0, 104.0, 99.0, 96.0, 90.0, 88.0, 84.0, 80.0, 80.0, 78.0, 78.0, 72.0, 69.0, 63.0, 62.0, 62.0, 62.0, 60.0, 59.0, 57.0, 56.0, 55.0, 52.0, 51.0, 49.0, 49.0, 48.0, 46.0, 46.0, 46.0, 46.0, 44.0, 44.0, 42.0, 42.0, 39.0, 39.0, 39.0, 39.0, 39.0, 39.0, 39.0, 38.0, 37.0, 37.0, 37.0, 35.0, 35.0, 35.0, 34.0, 34.0, 34.0, 34.0, 34.0, 34.0, 34.0, 34.0, 32.0, 32.0, 32.0, 30.0, 29.0, 29.0, 29.0, 29.0, 29.0, 28.0, 28.0, 28.0, 28.0, 28.0, 28.0, 28.0, 27.0, 27.0, 26.0, 26.0, 25.0, 25.0, 25.0, 25.0, 25.0, 25.0, 25.0, 23.0, 23.0, 23.0, 23.0, 23.0, 23.0, 23.0, 23.0, 23.0, 23.0, 23.0, 23.0, 23.0, 23.0, 21.0, 21.0, 21.0, 21.0, 21.0, 21.0, 20.0, 20.0, 20.0, 20.0, 20.0, 20.0, 20.0, 20.0, 20.0, 20.0, 20.0, 20.0, 20.0, 20.0, 19.0, 19.0, 19.0, 19.0, 19.0, 19.0, 19.0, 19.0, 19.0, 19.0, 19.0, 19.0, 19.0, 19.0, 19.0, 19.0, 19.0, 19.0, 19.0, 19.0, 19.0, 19.0, 19.0, 19.0, 19.0, 18.0, 18.0, 18.0, 18.0, 18.0, 18.0, 18.0, 18.0, 18.0, 18.0, 18.0, 18.0, 18.0, 18.0, 18.0, 17.0, 17.0, 17.0, 17.0, 17.0, 17.0, 16.0, 16.0, 15.0, 15.0, 15.0, 15.0, 15.0, 15.0, 15.0, 15.0, 15.0, 15.0, 15.0, 15.0, 15.0, 15.0, 15.0];
u3=[5810.0, 3567.0, 2205.0, 1499.0, 1076.0, 751.0, 513.0, 361.0, 291.0, 259.0, 211.0, 186.0, 151.0, 134.0, 119.0, 110.0, 100.0, 97.0, 95.0, 86.0, 82.0, 76.0, 72.0, 69.0, 67.0, 65.0, 64.0, 64.0, 61.0, 58.0, 57.0, 57.0, 55.0, 54.0, 53.0, 53.0, 52.0, 52.0, 51.0, 51.0, 48.0, 47.0, 47.0, 44.0, 43.0, 42.0, 42.0, 42.0, 39.0, 39.0, 38.0, 38.0, 38.0, 38.0, 38.0, 36.0, 35.0, 34.0, 33.0, 33.0, 32.0, 32.0, 32.0, 31.0, 30.0, 30.0, 30.0, 29.0, 28.0, 28.0, 28.0, 28.0, 26.0, 26.0, 26.0, 26.0, 26.0, 25.0, 25.0, 25.0, 25.0, 25.0, 24.0, 24.0, 23.0, 23.0, 23.0, 23.0, 23.0, 23.0, 23.0, 23.0, 23.0, 23.0, 22.0, 22.0, 21.0, 21.0, 21.0, 21.0, 21.0, 21.0, 21.0, 21.0, 21.0, 21.0, 21.0, 21.0, 21.0, 21.0, 21.0, 21.0, 20.0, 20.0, 19.0, 19.0, 19.0, 19.0, 19.0, 19.0, 19.0, 19.0, 19.0, 19.0, 18.0, 18.0, 18.0, 18.0, 18.0, 18.0, 17.0, 17.0, 17.0, 17.0, 17.0, 17.0, 17.0, 17.0, 17.0, 17.0, 17.0, 17.0, 17.0, 17.0, 16.0, 16.0, 16.0, 16.0, 16.0, 16.0, 16.0, 16.0, 16.0, 16.0, 16.0, 15.0, 15.0, 15.0, 15.0, 15.0, 15.0, 15.0, 15.0, 15.0, 15.0, 15.0, 15.0, 15.0, 15.0, 15.0, 14.0, 14.0, 14.0, 14.0, 14.0, 14.0, 14.0, 14.0, 14.0, 14.0, 13.0, 13.0, 13.0, 13.0, 13.0, 13.0, 13.0, 12.0, 12.0, 11.0, 11.0, 11.0, 11.0, 11.0, 11.0, 11.0, 11.0, 11.0, 11.0];
u4=[5417.0, 3158.0, 1979.0, 1127.0, 842.0, 605.0, 421.0, 306.0, 242.0, 200.0, 177.0, 154.0, 141.0, 125.0, 118.0, 105.0, 102.0, 95.0, 93.0, 87.0, 83.0, 76.0, 73.0, 71.0, 69.0, 68.0, 67.0, 65.0, 62.0, 61.0, 60.0, 59.0, 58.0, 58.0, 57.0, 56.0, 53.0, 52.0, 52.0, 49.0, 47.0, 46.0, 46.0, 45.0, 44.0, 44.0, 44.0, 41.0, 41.0, 40.0, 37.0, 37.0, 36.0, 36.0, 35.0, 35.0, 35.0, 35.0, 35.0, 35.0, 35.0, 35.0, 35.0, 34.0, 33.0, 32.0, 32.0, 31.0, 31.0, 31.0, 31.0, 31.0, 31.0, 31.0, 31.0, 30.0, 29.0, 29.0, 29.0, 29.0, 29.0, 28.0, 28.0, 28.0, 28.0, 28.0, 28.0, 26.0, 25.0, 25.0, 24.0, 24.0, 23.0, 23.0, 23.0, 23.0, 23.0, 23.0, 23.0, 23.0, 23.0, 23.0, 22.0, 22.0, 22.0, 22.0, 22.0, 21.0, 21.0, 21.0, 21.0, 21.0, 21.0, 21.0, 21.0, 21.0, 20.0, 20.0, 20.0, 20.0, 20.0, 20.0, 20.0, 20.0, 20.0, 20.0, 20.0, 20.0, 20.0, 20.0, 20.0, 20.0, 20.0, 20.0, 20.0, 20.0, 20.0, 19.0, 19.0, 19.0, 19.0, 17.0, 17.0, 17.0, 17.0, 17.0, 17.0, 17.0, 17.0, 17.0, 17.0, 17.0, 17.0, 17.0, 16.0, 16.0, 16.0, 15.0, 15.0, 15.0, 15.0, 14.0, 14.0, 13.0, 13.0, 13.0, 13.0, 13.0, 13.0, 13.0, 13.0, 13.0, 13.0, 13.0, 13.0, 13.0, 13.0, 13.0, 13.0, 13.0, 13.0, 13.0, 13.0, 13.0, 13.0, 13.0, 13.0, 13.0, 13.0, 13.0, 13.0, 13.0, 13.0, 13.0, 13.0, 13.0, 13.0, 13.0, 13.0];
u5=[5127.0, 3211.0, 2058.0, 1427.0, 1012.0, 702.0, 490.0, 380.0, 292.0, 261.0, 210.0, 182.0, 161.0, 147.0, 142.0, 130.0, 121.0, 107.0, 105.0, 98.0, 92.0, 89.0, 87.0, 82.0, 77.0, 74.0, 73.0, 70.0, 70.0, 67.0, 64.0, 61.0, 61.0, 58.0, 58.0, 56.0, 55.0, 55.0, 55.0, 54.0, 52.0, 52.0, 51.0, 51.0, 50.0, 48.0, 48.0, 48.0, 47.0, 47.0, 45.0, 43.0, 43.0, 43.0, 43.0, 40.0, 37.0, 36.0, 36.0, 36.0, 36.0, 36.0, 35.0, 34.0, 34.0, 33.0, 33.0, 30.0, 30.0, 30.0, 30.0, 30.0, 29.0, 28.0, 28.0, 28.0, 28.0, 28.0, 27.0, 27.0, 27.0, 27.0, 27.0, 27.0, 27.0, 27.0, 27.0, 27.0, 26.0, 26.0, 26.0, 26.0, 26.0, 26.0, 26.0, 26.0, 26.0, 26.0, 26.0, 26.0, 25.0, 25.0, 25.0, 24.0, 24.0, 24.0, 24.0, 24.0, 24.0, 23.0, 23.0, 23.0, 23.0, 23.0, 23.0, 23.0, 23.0, 23.0, 23.0, 23.0, 23.0, 23.0, 23.0, 23.0, 23.0, 22.0, 22.0, 22.0, 22.0, 22.0, 20.0, 20.0, 20.0, 20.0, 19.0, 19.0, 19.0, 19.0, 19.0, 19.0, 19.0, 18.0, 17.0, 16.0, 16.0, 16.0, 14.0, 14.0, 14.0, 14.0, 14.0, 13.0, 13.0, 13.0, 13.0, 13.0, 13.0, 13.0, 13.0, 13.0, 13.0, 13.0, 13.0, 13.0, 13.0, 13.0, 12.0, 12.0, 12.0, 12.0, 12.0, 12.0, 12.0, 12.0, 12.0, 12.0, 12.0, 12.0, 12.0, 12.0, 12.0, 12.0, 12.0, 11.0, 11.0, 11.0, 11.0, 11.0, 11.0, 11.0, 11.0, 11.0, 11.0, 11.0, 11.0, 11.0, 11.0, 11.0, 11.0];
u6=[5439.0, 3595.0, 2434.0, 1575.0, 1128.0, 742.0, 490.0, 428.0, 332.0, 281.0, 233.0, 182.0, 162.0, 153.0, 144.0, 130.0, 122.0, 114.0, 106.0, 100.0, 95.0, 89.0, 87.0, 87.0, 85.0, 83.0, 81.0, 78.0, 72.0, 71.0, 68.0, 67.0, 67.0, 63.0, 60.0, 59.0, 58.0, 57.0, 57.0, 56.0, 53.0, 52.0, 49.0, 48.0, 47.0, 45.0, 45.0, 45.0, 45.0, 45.0, 45.0, 45.0, 45.0, 43.0, 42.0, 42.0, 41.0, 41.0, 40.0, 40.0, 39.0, 37.0, 37.0, 37.0, 37.0, 35.0, 34.0, 33.0, 33.0, 32.0, 32.0, 31.0, 31.0, 31.0, 31.0, 31.0, 31.0, 31.0, 31.0, 31.0, 31.0, 31.0, 31.0, 31.0, 30.0, 30.0, 30.0, 30.0, 30.0, 29.0, 29.0, 29.0, 28.0, 28.0, 28.0, 28.0, 28.0, 28.0, 28.0, 28.0, 27.0, 27.0, 27.0, 27.0, 27.0, 27.0, 27.0, 27.0, 27.0, 27.0, 27.0, 26.0, 26.0, 26.0, 26.0, 26.0, 26.0, 26.0, 25.0, 25.0, 25.0, 25.0, 25.0, 25.0, 25.0, 25.0, 24.0, 24.0, 22.0, 22.0, 22.0, 22.0, 22.0, 22.0, 22.0, 22.0, 22.0, 22.0, 22.0, 21.0, 21.0, 21.0, 21.0, 21.0, 20.0, 20.0, 20.0, 20.0, 19.0, 19.0, 19.0, 19.0, 19.0, 19.0, 19.0, 19.0, 19.0, 18.0, 18.0, 18.0, 18.0, 18.0, 18.0, 18.0, 18.0, 18.0, 18.0, 18.0, 18.0, 18.0, 18.0, 18.0, 18.0, 18.0, 18.0, 18.0, 17.0, 17.0, 17.0, 17.0, 17.0, 17.0, 17.0, 17.0, 17.0, 17.0, 17.0, 17.0, 17.0, 17.0, 17.0, 17.0, 17.0, 17.0, 17.0, 17.0, 17.0, 17.0, 17.0];
u7=[5133.0, 3587.0, 2318.0, 1284.0, 906.0, 600.0, 389.0, 290.0, 227.0, 195.0, 184.0, 165.0, 153.0, 140.0, 129.0, 119.0, 111.0, 107.0, 104.0, 101.0, 91.0, 84.0, 81.0, 80.0, 77.0, 75.0, 73.0, 72.0, 70.0, 68.0, 65.0, 63.0, 63.0, 61.0, 58.0, 58.0, 56.0, 54.0, 54.0, 53.0, 53.0, 53.0, 52.0, 51.0, 50.0, 49.0, 48.0, 47.0, 42.0, 42.0, 40.0, 39.0, 38.0, 38.0, 36.0, 36.0, 35.0, 35.0, 35.0, 35.0, 35.0, 33.0, 33.0, 33.0, 33.0, 32.0, 32.0, 32.0, 32.0, 30.0, 29.0, 28.0, 27.0, 27.0, 26.0, 26.0, 26.0, 26.0, 25.0, 25.0, 25.0, 25.0, 25.0, 25.0, 25.0, 24.0, 24.0, 24.0, 24.0, 24.0, 23.0, 23.0, 23.0, 22.0, 22.0, 22.0, 22.0, 22.0, 22.0, 22.0, 22.0, 21.0, 21.0, 21.0, 21.0, 21.0, 21.0, 21.0, 21.0, 21.0, 21.0, 21.0, 21.0, 19.0, 19.0, 19.0, 19.0, 19.0, 19.0, 19.0, 19.0, 19.0, 19.0, 19.0, 19.0, 19.0, 19.0, 19.0, 19.0, 19.0, 19.0, 19.0, 19.0, 19.0, 17.0, 17.0, 17.0, 17.0, 17.0, 17.0, 17.0, 17.0, 17.0, 17.0, 17.0, 17.0, 17.0, 17.0, 17.0, 16.0, 16.0, 16.0, 16.0, 16.0, 16.0, 16.0, 16.0, 16.0, 16.0, 15.0, 14.0, 14.0, 14.0, 14.0, 14.0, 14.0, 14.0, 14.0, 14.0, 14.0, 14.0, 14.0, 14.0, 14.0, 14.0, 14.0, 13.0, 13.0, 13.0, 13.0, 13.0, 13.0, 13.0, 13.0, 13.0, 12.0, 12.0, 12.0, 12.0, 12.0, 12.0, 12.0, 12.0, 12.0, 12.0, 12.0, 12.0, 12.0, 12.0];
u8=[5496.0, 3596.0, 2411.0, 1590.0, 1167.0, 790.0, 565.0, 447.0, 347.0, 257.0, 208.0, 170.0, 148.0, 141.0, 129.0, 120.0, 112.0, 107.0, 99.0, 95.0, 92.0, 90.0, 89.0, 88.0, 87.0, 84.0, 81.0, 80.0, 79.0, 76.0, 73.0, 71.0, 67.0, 65.0, 64.0, 61.0, 61.0, 59.0, 56.0, 56.0, 56.0, 56.0, 56.0, 54.0, 52.0, 52.0, 49.0, 48.0, 45.0, 43.0, 43.0, 42.0, 42.0, 42.0, 42.0, 41.0, 39.0, 39.0, 39.0, 39.0, 38.0, 35.0, 35.0, 35.0, 34.0, 33.0, 33.0, 33.0, 33.0, 32.0, 32.0, 32.0, 32.0, 32.0, 31.0, 31.0, 31.0, 31.0, 30.0, 29.0, 29.0, 28.0, 28.0, 28.0, 28.0, 28.0, 27.0, 27.0, 27.0, 27.0, 27.0, 27.0, 27.0, 27.0, 27.0, 27.0, 26.0, 26.0, 26.0, 26.0, 26.0, 26.0, 25.0, 25.0, 24.0, 24.0, 24.0, 24.0, 24.0, 24.0, 24.0, 24.0, 24.0, 24.0, 24.0, 24.0, 24.0, 24.0, 24.0, 24.0, 24.0, 24.0, 24.0, 24.0, 24.0, 24.0, 24.0, 23.0, 23.0, 22.0, 22.0, 22.0, 22.0, 22.0, 20.0, 20.0, 20.0, 20.0, 20.0, 20.0, 20.0, 20.0, 20.0, 20.0, 20.0, 20.0, 19.0, 19.0, 19.0, 19.0, 19.0, 19.0, 19.0, 19.0, 19.0, 19.0, 19.0, 19.0, 19.0, 19.0, 19.0, 19.0, 19.0, 19.0, 19.0, 18.0, 18.0, 18.0, 18.0, 18.0, 18.0, 18.0, 18.0, 18.0, 17.0, 17.0, 17.0, 16.0, 16.0, 16.0, 16.0, 16.0, 16.0, 16.0, 15.0, 15.0, 15.0, 15.0, 15.0, 14.0, 14.0, 14.0, 14.0, 14.0, 14.0, 14.0, 14.0, 14.0, 14.0];
u9=[5290.0, 3481.0, 2213.0, 1238.0, 886.0, 551.0, 442.0, 353.0, 289.0, 236.0, 205.0, 177.0, 161.0, 146.0, 130.0, 127.0, 116.0, 109.0, 101.0, 96.0, 94.0, 92.0, 88.0, 84.0, 81.0, 79.0, 71.0, 70.0, 67.0, 65.0, 64.0, 62.0, 61.0, 57.0, 57.0, 54.0, 52.0, 51.0, 50.0, 50.0, 46.0, 45.0, 44.0, 44.0, 44.0, 44.0, 43.0, 43.0, 42.0, 41.0, 41.0, 41.0, 39.0, 38.0, 37.0, 37.0, 37.0, 37.0, 34.0, 33.0, 32.0, 32.0, 31.0, 31.0, 30.0, 29.0, 29.0, 27.0, 27.0, 27.0, 27.0, 26.0, 25.0, 25.0, 25.0, 25.0, 25.0, 25.0, 25.0, 25.0, 24.0, 23.0, 22.0, 22.0, 22.0, 22.0, 22.0, 22.0, 22.0, 22.0, 22.0, 22.0, 22.0, 22.0, 22.0, 22.0, 22.0, 22.0, 22.0, 22.0, 22.0, 22.0, 22.0, 22.0, 22.0, 22.0, 22.0, 22.0, 21.0, 21.0, 21.0, 21.0, 21.0, 20.0, 20.0, 20.0, 19.0, 19.0, 19.0, 19.0, 19.0, 19.0, 19.0, 19.0, 19.0, 19.0, 18.0, 18.0, 18.0, 18.0, 18.0, 18.0, 18.0, 18.0, 18.0, 18.0, 18.0, 17.0, 17.0, 17.0, 17.0, 17.0, 17.0, 17.0, 17.0, 17.0, 17.0, 17.0, 17.0, 17.0, 16.0, 16.0, 16.0, 16.0, 16.0, 16.0, 16.0, 16.0, 16.0, 16.0, 16.0, 16.0, 16.0, 16.0, 16.0, 16.0, 16.0, 16.0, 16.0, 16.0, 16.0, 16.0, 16.0, 16.0, 16.0, 15.0, 14.0, 14.0, 14.0, 14.0, 14.0, 14.0, 13.0, 13.0, 13.0, 13.0, 13.0, 13.0, 13.0, 13.0, 13.0, 13.0, 13.0, 13.0, 13.0, 13.0, 13.0, 13.0, 13.0];
u=[u0; u1; u2; u3; u4; u5; u6; u7; u8; u9; ];
vect=100*(1:length(u0));
taille = length(u0);
umean=zeros(taille,1);
uintervalleincertitude = zeros(taille,2);
for i = 1:taille;
			umean(i) = mean(u(:,i));
			nombredeVecteurs=length(u(:,1));
			uincertitude(i) = std(u(:,i))/sqrt(nombredeVecteurs);
			uintervalleincertitude(i,1) = umean(i) + uincertitude(i)*1.96;
			uintervalleincertitude(i,2) = umean(i) - uincertitude(i)*1.96;
			end;
plot(vect(taille/2:taille),uintervalleincertitude(taille/2:taille,:));
hold on;


%---------------------------------------------------------------------
%Benchmark :data/le450_25b.col
clear all;
figure;
title('data/le450_25b.col,  k =[1]'
xlabel('Nombre d iterations');
ylabel('Energie');

%Constante k : 1.0
Facteur : 0.7


%Seed du coloriage : -1610984197
%Recuit Simulé Exponentiel avec k l'energie moyenne
%Nombre d'itération : 20000

u0=[5253.0, 3446.0, 2186.0, 1467.0, 981.0, 676.0, 499.0, 348.0, 267.0, 242.0, 206.0, 175.0, 161.0, 139.0, 125.0, 116.0, 111.0, 102.0, 99.0, 95.0, 93.0, 91.0, 85.0, 79.0, 74.0, 70.0, 68.0, 67.0, 65.0, 64.0, 61.0, 60.0, 58.0, 54.0, 52.0, 52.0, 52.0, 52.0, 52.0, 51.0, 49.0, 48.0, 47.0, 47.0, 44.0, 44.0, 44.0, 44.0, 44.0, 44.0, 44.0, 44.0, 42.0, 41.0, 40.0, 40.0, 40.0, 38.0, 38.0, 38.0, 37.0, 36.0, 36.0, 35.0, 35.0, 33.0, 32.0, 32.0, 32.0, 32.0, 31.0, 31.0, 31.0, 31.0, 30.0, 30.0, 30.0, 30.0, 29.0, 29.0, 29.0, 28.0, 28.0, 28.0, 28.0, 26.0, 26.0, 26.0, 26.0, 25.0, 25.0, 25.0, 25.0, 25.0, 25.0, 24.0, 24.0, 23.0, 22.0, 22.0, 22.0, 22.0, 22.0, 21.0, 20.0, 20.0, 19.0, 19.0, 18.0, 18.0, 18.0, 18.0, 18.0, 18.0, 17.0, 17.0, 17.0, 17.0, 17.0, 16.0, 16.0, 16.0, 16.0, 16.0, 16.0, 16.0, 16.0, 16.0, 16.0, 16.0, 16.0, 16.0, 16.0, 16.0, 15.0, 15.0, 15.0, 14.0, 13.0, 13.0, 13.0, 13.0, 13.0, 13.0, 13.0, 13.0, 13.0, 13.0, 13.0, 13.0, 13.0, 13.0, 13.0, 13.0, 13.0, 13.0, 13.0, 13.0, 13.0, 13.0, 13.0, 13.0, 13.0, 13.0, 13.0, 12.0, 12.0, 12.0, 12.0, 12.0, 12.0, 12.0, 12.0, 12.0, 12.0, 12.0, 12.0, 12.0, 12.0, 12.0, 12.0, 12.0, 12.0, 12.0, 12.0, 12.0, 12.0, 12.0, 12.0, 12.0, 12.0, 12.0, 12.0, 12.0, 12.0, 12.0, 12.0, 12.0, 12.0];
u1=[5119.0, 3122.0, 2021.0, 1363.0, 853.0, 611.0, 407.0, 301.0, 280.0, 253.0, 203.0, 184.0, 157.0, 130.0, 119.0, 112.0, 109.0, 105.0, 102.0, 98.0, 89.0, 87.0, 87.0, 86.0, 81.0, 79.0, 75.0, 71.0, 68.0, 64.0, 62.0, 60.0, 56.0, 55.0, 52.0, 50.0, 48.0, 46.0, 45.0, 44.0, 43.0, 43.0, 42.0, 41.0, 40.0, 39.0, 38.0, 37.0, 36.0, 36.0, 35.0, 35.0, 35.0, 34.0, 34.0, 34.0, 34.0, 34.0, 33.0, 32.0, 32.0, 31.0, 31.0, 31.0, 30.0, 30.0, 30.0, 29.0, 29.0, 29.0, 28.0, 27.0, 27.0, 27.0, 27.0, 27.0, 27.0, 27.0, 27.0, 26.0, 25.0, 25.0, 25.0, 25.0, 25.0, 25.0, 25.0, 24.0, 24.0, 23.0, 23.0, 23.0, 23.0, 23.0, 23.0, 23.0, 23.0, 23.0, 23.0, 23.0, 23.0, 23.0, 23.0, 23.0, 23.0, 23.0, 23.0, 23.0, 23.0, 23.0, 23.0, 23.0, 21.0, 21.0, 21.0, 21.0, 21.0, 21.0, 21.0, 20.0, 20.0, 20.0, 20.0, 20.0, 19.0, 19.0, 19.0, 19.0, 19.0, 19.0, 19.0, 19.0, 19.0, 19.0, 19.0, 18.0, 18.0, 18.0, 17.0, 17.0, 17.0, 17.0, 17.0, 17.0, 17.0, 17.0, 16.0, 16.0, 16.0, 16.0, 15.0, 15.0, 15.0, 15.0, 15.0, 15.0, 15.0, 15.0, 15.0, 15.0, 14.0, 14.0, 14.0, 14.0, 14.0, 14.0, 14.0, 14.0, 14.0, 14.0, 14.0, 14.0, 14.0, 13.0, 12.0, 12.0, 12.0, 12.0, 12.0, 12.0, 12.0, 12.0, 12.0, 12.0, 12.0, 12.0, 12.0, 12.0, 12.0, 12.0, 12.0, 12.0, 12.0, 12.0, 12.0, 12.0, 12.0, 12.0, 12.0];
u2=[5283.0, 3354.0, 2326.0, 1368.0, 911.0, 685.0, 540.0, 369.0, 311.0, 239.0, 197.0, 175.0, 164.0, 148.0, 139.0, 129.0, 120.0, 113.0, 108.0, 104.0, 96.0, 90.0, 87.0, 84.0, 79.0, 77.0, 74.0, 73.0, 72.0, 70.0, 68.0, 68.0, 67.0, 64.0, 62.0, 61.0, 59.0, 59.0, 58.0, 57.0, 57.0, 53.0, 51.0, 48.0, 46.0, 46.0, 45.0, 44.0, 44.0, 44.0, 43.0, 42.0, 42.0, 41.0, 41.0, 41.0, 40.0, 38.0, 38.0, 38.0, 38.0, 37.0, 35.0, 35.0, 35.0, 34.0, 33.0, 33.0, 33.0, 33.0, 32.0, 32.0, 32.0, 31.0, 31.0, 30.0, 29.0, 28.0, 28.0, 28.0, 28.0, 28.0, 28.0, 27.0, 27.0, 26.0, 26.0, 26.0, 26.0, 26.0, 26.0, 25.0, 24.0, 24.0, 23.0, 23.0, 23.0, 23.0, 23.0, 23.0, 23.0, 23.0, 23.0, 23.0, 23.0, 23.0, 22.0, 22.0, 22.0, 22.0, 22.0, 22.0, 22.0, 22.0, 22.0, 21.0, 21.0, 21.0, 21.0, 21.0, 21.0, 20.0, 20.0, 20.0, 20.0, 20.0, 19.0, 19.0, 19.0, 19.0, 19.0, 19.0, 19.0, 19.0, 19.0, 19.0, 19.0, 19.0, 19.0, 19.0, 19.0, 19.0, 19.0, 19.0, 19.0, 19.0, 19.0, 19.0, 19.0, 19.0, 19.0, 19.0, 19.0, 19.0, 19.0, 19.0, 19.0, 19.0, 18.0, 18.0, 18.0, 18.0, 18.0, 18.0, 18.0, 18.0, 18.0, 18.0, 18.0, 18.0, 18.0, 18.0, 17.0, 16.0, 16.0, 16.0, 16.0, 16.0, 16.0, 16.0, 16.0, 16.0, 16.0, 16.0, 16.0, 16.0, 16.0, 16.0, 16.0, 16.0, 16.0, 16.0, 16.0, 16.0, 16.0, 16.0, 16.0, 16.0, 16.0];
u3=[5431.0, 3632.0, 2251.0, 1578.0, 1088.0, 729.0, 521.0, 390.0, 299.0, 239.0, 208.0, 174.0, 155.0, 143.0, 129.0, 114.0, 108.0, 103.0, 100.0, 97.0, 94.0, 92.0, 89.0, 85.0, 83.0, 81.0, 76.0, 74.0, 71.0, 70.0, 69.0, 69.0, 68.0, 63.0, 60.0, 59.0, 58.0, 58.0, 55.0, 52.0, 52.0, 52.0, 51.0, 50.0, 49.0, 47.0, 47.0, 45.0, 43.0, 42.0, 41.0, 41.0, 41.0, 41.0, 41.0, 40.0, 40.0, 39.0, 39.0, 38.0, 38.0, 38.0, 36.0, 36.0, 34.0, 34.0, 33.0, 32.0, 32.0, 31.0, 30.0, 30.0, 30.0, 30.0, 30.0, 29.0, 29.0, 29.0, 29.0, 29.0, 29.0, 29.0, 28.0, 27.0, 27.0, 27.0, 27.0, 27.0, 27.0, 27.0, 27.0, 27.0, 26.0, 26.0, 26.0, 25.0, 25.0, 25.0, 25.0, 25.0, 25.0, 25.0, 25.0, 25.0, 25.0, 24.0, 24.0, 24.0, 24.0, 24.0, 23.0, 23.0, 22.0, 22.0, 21.0, 19.0, 18.0, 18.0, 18.0, 18.0, 18.0, 18.0, 18.0, 18.0, 18.0, 18.0, 18.0, 18.0, 17.0, 17.0, 17.0, 17.0, 17.0, 16.0, 16.0, 16.0, 16.0, 16.0, 15.0, 15.0, 15.0, 15.0, 15.0, 15.0, 15.0, 15.0, 15.0, 15.0, 15.0, 15.0, 15.0, 15.0, 15.0, 15.0, 14.0, 14.0, 14.0, 14.0, 14.0, 14.0, 14.0, 14.0, 14.0, 14.0, 14.0, 14.0, 14.0, 14.0, 14.0, 13.0, 13.0, 13.0, 13.0, 13.0, 13.0, 13.0, 13.0, 13.0, 13.0, 13.0, 13.0, 13.0, 13.0, 13.0, 13.0, 13.0, 13.0, 13.0, 13.0, 13.0, 13.0, 13.0, 13.0, 12.0, 12.0, 12.0, 12.0, 12.0, 12.0];
u4=[5572.0, 3538.0, 2497.0, 1673.0, 1125.0, 776.0, 559.0, 378.0, 279.0, 240.0, 193.0, 180.0, 159.0, 149.0, 143.0, 132.0, 122.0, 112.0, 106.0, 96.0, 93.0, 89.0, 86.0, 86.0, 81.0, 77.0, 74.0, 71.0, 70.0, 69.0, 63.0, 62.0, 60.0, 55.0, 53.0, 52.0, 50.0, 50.0, 50.0, 50.0, 49.0, 46.0, 45.0, 45.0, 45.0, 43.0, 42.0, 40.0, 39.0, 38.0, 37.0, 37.0, 37.0, 36.0, 35.0, 35.0, 32.0, 32.0, 32.0, 31.0, 31.0, 29.0, 29.0, 29.0, 29.0, 29.0, 28.0, 28.0, 28.0, 27.0, 27.0, 27.0, 27.0, 27.0, 27.0, 25.0, 24.0, 23.0, 23.0, 22.0, 21.0, 21.0, 21.0, 20.0, 20.0, 20.0, 20.0, 20.0, 19.0, 19.0, 19.0, 18.0, 18.0, 16.0, 16.0, 16.0, 16.0, 16.0, 16.0, 16.0, 16.0, 16.0, 16.0, 16.0, 16.0, 16.0, 16.0, 16.0, 16.0, 15.0, 15.0, 15.0, 15.0, 15.0, 15.0, 15.0, 15.0, 15.0, 14.0, 13.0, 13.0, 13.0, 13.0, 13.0, 13.0, 13.0, 13.0, 13.0, 13.0, 13.0, 13.0, 13.0, 13.0, 12.0, 12.0, 12.0, 12.0, 12.0, 12.0, 12.0, 12.0, 12.0, 12.0, 12.0, 12.0, 12.0, 12.0, 12.0, 12.0, 12.0, 12.0, 12.0, 12.0, 12.0, 12.0, 12.0, 12.0, 11.0, 11.0, 11.0, 11.0, 11.0, 11.0, 11.0, 11.0, 11.0, 11.0, 11.0, 11.0, 11.0, 10.0, 10.0, 10.0, 10.0, 10.0, 9.0, 9.0, 9.0, 8.0, 8.0, 8.0, 8.0, 8.0, 8.0, 8.0, 8.0, 8.0, 8.0, 8.0, 8.0, 7.0, 7.0, 7.0, 7.0, 7.0, 7.0, 7.0, 7.0, 7.0];
u5=[5454.0, 3533.0, 2285.0, 1442.0, 968.0, 690.0, 507.0, 413.0, 340.0, 273.0, 229.0, 185.0, 165.0, 148.0, 136.0, 128.0, 118.0, 115.0, 113.0, 107.0, 97.0, 92.0, 88.0, 82.0, 79.0, 77.0, 75.0, 72.0, 71.0, 69.0, 66.0, 64.0, 61.0, 59.0, 59.0, 58.0, 56.0, 55.0, 55.0, 53.0, 49.0, 49.0, 48.0, 46.0, 45.0, 45.0, 45.0, 45.0, 45.0, 44.0, 43.0, 42.0, 42.0, 41.0, 39.0, 39.0, 39.0, 39.0, 38.0, 38.0, 37.0, 37.0, 36.0, 36.0, 36.0, 35.0, 34.0, 33.0, 33.0, 33.0, 33.0, 33.0, 33.0, 32.0, 31.0, 30.0, 27.0, 27.0, 26.0, 26.0, 26.0, 26.0, 26.0, 26.0, 26.0, 26.0, 26.0, 26.0, 26.0, 26.0, 26.0, 25.0, 24.0, 24.0, 24.0, 23.0, 21.0, 21.0, 21.0, 21.0, 19.0, 19.0, 19.0, 19.0, 19.0, 18.0, 18.0, 18.0, 18.0, 18.0, 18.0, 18.0, 17.0, 17.0, 17.0, 17.0, 17.0, 17.0, 17.0, 16.0, 16.0, 16.0, 16.0, 16.0, 16.0, 15.0, 15.0, 15.0, 15.0, 15.0, 15.0, 14.0, 13.0, 13.0, 12.0, 12.0, 12.0, 12.0, 12.0, 12.0, 12.0, 12.0, 12.0, 12.0, 12.0, 12.0, 12.0, 12.0, 12.0, 12.0, 12.0, 10.0, 10.0, 10.0, 10.0, 10.0, 10.0, 10.0, 9.0, 9.0, 9.0, 9.0, 9.0, 9.0, 9.0, 9.0, 9.0, 9.0, 9.0, 9.0, 9.0, 9.0, 9.0, 9.0, 9.0, 9.0, 9.0, 9.0, 9.0, 9.0, 9.0, 9.0, 8.0, 8.0, 8.0, 8.0, 8.0, 8.0, 8.0, 8.0, 8.0, 8.0, 8.0, 8.0, 8.0, 8.0, 8.0, 8.0, 8.0];
u6=[5429.0, 3520.0, 2311.0, 1519.0, 931.0, 690.0, 475.0, 366.0, 318.0, 253.0, 211.0, 185.0, 165.0, 150.0, 142.0, 132.0, 120.0, 112.0, 109.0, 100.0, 91.0, 87.0, 86.0, 84.0, 77.0, 74.0, 72.0, 68.0, 65.0, 65.0, 64.0, 62.0, 61.0, 60.0, 60.0, 57.0, 57.0, 55.0, 54.0, 54.0, 51.0, 50.0, 48.0, 45.0, 44.0, 44.0, 44.0, 42.0, 41.0, 40.0, 36.0, 35.0, 35.0, 35.0, 35.0, 34.0, 33.0, 32.0, 32.0, 32.0, 32.0, 32.0, 32.0, 32.0, 32.0, 32.0, 32.0, 32.0, 32.0, 31.0, 31.0, 31.0, 30.0, 30.0, 29.0, 29.0, 28.0, 28.0, 27.0, 27.0, 26.0, 26.0, 24.0, 23.0, 23.0, 23.0, 23.0, 23.0, 23.0, 23.0, 23.0, 23.0, 23.0, 23.0, 22.0, 22.0, 21.0, 21.0, 20.0, 20.0, 20.0, 20.0, 20.0, 19.0, 18.0, 18.0, 17.0, 17.0, 17.0, 16.0, 16.0, 16.0, 16.0, 16.0, 16.0, 16.0, 16.0, 16.0, 16.0, 16.0, 16.0, 16.0, 16.0, 16.0, 16.0, 16.0, 15.0, 15.0, 15.0, 15.0, 15.0, 15.0, 15.0, 15.0, 15.0, 15.0, 15.0, 15.0, 15.0, 15.0, 15.0, 14.0, 14.0, 14.0, 14.0, 14.0, 14.0, 14.0, 14.0, 14.0, 14.0, 14.0, 14.0, 14.0, 14.0, 14.0, 14.0, 14.0, 14.0, 14.0, 14.0, 14.0, 14.0, 14.0, 14.0, 14.0, 14.0, 14.0, 14.0, 13.0, 13.0, 13.0, 13.0, 13.0, 13.0, 13.0, 13.0, 13.0, 12.0, 12.0, 12.0, 12.0, 12.0, 12.0, 12.0, 12.0, 12.0, 12.0, 11.0, 11.0, 11.0, 11.0, 11.0, 11.0, 10.0, 10.0, 10.0, 10.0, 10.0];
u7=[5458.0, 3605.0, 2146.0, 1497.0, 948.0, 705.0, 493.0, 368.0, 300.0, 239.0, 205.0, 176.0, 162.0, 150.0, 133.0, 123.0, 112.0, 105.0, 96.0, 92.0, 88.0, 85.0, 81.0, 75.0, 68.0, 67.0, 67.0, 64.0, 61.0, 61.0, 60.0, 57.0, 55.0, 51.0, 49.0, 47.0, 47.0, 46.0, 45.0, 43.0, 43.0, 42.0, 41.0, 41.0, 41.0, 40.0, 39.0, 38.0, 38.0, 38.0, 38.0, 37.0, 36.0, 35.0, 35.0, 34.0, 34.0, 33.0, 32.0, 32.0, 31.0, 30.0, 30.0, 28.0, 26.0, 26.0, 26.0, 25.0, 25.0, 25.0, 25.0, 25.0, 25.0, 25.0, 25.0, 25.0, 25.0, 25.0, 25.0, 24.0, 24.0, 24.0, 24.0, 24.0, 24.0, 24.0, 24.0, 23.0, 23.0, 23.0, 22.0, 22.0, 22.0, 22.0, 19.0, 19.0, 18.0, 17.0, 17.0, 17.0, 17.0, 17.0, 17.0, 17.0, 16.0, 16.0, 16.0, 16.0, 16.0, 16.0, 16.0, 16.0, 16.0, 16.0, 16.0, 15.0, 15.0, 14.0, 14.0, 14.0, 14.0, 14.0, 14.0, 14.0, 14.0, 14.0, 13.0, 13.0, 13.0, 12.0, 12.0, 11.0, 11.0, 11.0, 11.0, 11.0, 11.0, 11.0, 11.0, 11.0, 11.0, 11.0, 11.0, 11.0, 11.0, 11.0, 11.0, 11.0, 11.0, 11.0, 11.0, 11.0, 11.0, 11.0, 11.0, 11.0, 11.0, 11.0, 11.0, 11.0, 11.0, 11.0, 11.0, 10.0, 10.0, 10.0, 9.0, 9.0, 9.0, 9.0, 9.0, 9.0, 9.0, 9.0, 9.0, 9.0, 9.0, 9.0, 9.0, 9.0, 9.0, 9.0, 9.0, 9.0, 9.0, 9.0, 9.0, 9.0, 9.0, 9.0, 9.0, 9.0, 9.0, 9.0, 9.0, 9.0, 9.0, 9.0, 9.0];
u8=[5506.0, 3616.0, 2483.0, 1563.0, 1072.0, 796.0, 559.0, 365.0, 301.0, 232.0, 200.0, 178.0, 156.0, 143.0, 133.0, 124.0, 115.0, 105.0, 102.0, 94.0, 93.0, 90.0, 84.0, 79.0, 79.0, 77.0, 74.0, 72.0, 70.0, 67.0, 65.0, 64.0, 61.0, 58.0, 54.0, 54.0, 52.0, 49.0, 48.0, 48.0, 45.0, 44.0, 44.0, 44.0, 44.0, 43.0, 42.0, 41.0, 40.0, 39.0, 38.0, 36.0, 35.0, 35.0, 35.0, 35.0, 35.0, 34.0, 34.0, 31.0, 30.0, 30.0, 30.0, 30.0, 29.0, 29.0, 29.0, 29.0, 29.0, 29.0, 28.0, 27.0, 27.0, 25.0, 24.0, 24.0, 23.0, 23.0, 23.0, 23.0, 23.0, 23.0, 23.0, 23.0, 23.0, 22.0, 22.0, 22.0, 22.0, 21.0, 21.0, 21.0, 20.0, 19.0, 18.0, 18.0, 18.0, 18.0, 17.0, 17.0, 17.0, 17.0, 16.0, 15.0, 15.0, 15.0, 14.0, 14.0, 14.0, 14.0, 14.0, 13.0, 13.0, 13.0, 13.0, 12.0, 12.0, 12.0, 12.0, 12.0, 12.0, 12.0, 12.0, 11.0, 11.0, 11.0, 11.0, 11.0, 11.0, 11.0, 11.0, 11.0, 11.0, 11.0, 11.0, 11.0, 11.0, 10.0, 10.0, 10.0, 9.0, 9.0, 9.0, 9.0, 9.0, 9.0, 9.0, 8.0, 8.0, 8.0, 8.0, 8.0, 8.0, 8.0, 8.0, 8.0, 8.0, 8.0, 8.0, 8.0, 8.0, 8.0, 8.0, 8.0, 8.0, 8.0, 8.0, 8.0, 8.0, 8.0, 8.0, 8.0, 8.0, 8.0, 8.0, 8.0, 8.0, 8.0, 8.0, 8.0, 8.0, 7.0, 7.0, 7.0, 7.0, 7.0, 7.0, 7.0, 7.0, 7.0, 7.0, 7.0, 7.0, 7.0, 7.0, 7.0, 7.0, 7.0, 7.0];
u9=[5154.0, 3365.0, 2041.0, 1356.0, 916.0, 689.0, 564.0, 371.0, 304.0, 225.0, 204.0, 182.0, 175.0, 159.0, 149.0, 135.0, 131.0, 123.0, 107.0, 100.0, 98.0, 91.0, 84.0, 82.0, 76.0, 72.0, 70.0, 68.0, 67.0, 65.0, 64.0, 62.0, 60.0, 59.0, 58.0, 57.0, 57.0, 55.0, 55.0, 54.0, 53.0, 52.0, 51.0, 50.0, 47.0, 47.0, 46.0, 45.0, 45.0, 45.0, 45.0, 45.0, 42.0, 42.0, 42.0, 40.0, 38.0, 37.0, 37.0, 36.0, 36.0, 36.0, 36.0, 35.0, 34.0, 32.0, 32.0, 32.0, 31.0, 31.0, 30.0, 30.0, 29.0, 29.0, 28.0, 28.0, 27.0, 26.0, 26.0, 26.0, 25.0, 25.0, 25.0, 25.0, 25.0, 25.0, 25.0, 24.0, 23.0, 23.0, 23.0, 23.0, 23.0, 23.0, 23.0, 23.0, 23.0, 23.0, 23.0, 22.0, 21.0, 21.0, 20.0, 20.0, 20.0, 20.0, 20.0, 20.0, 20.0, 20.0, 20.0, 20.0, 19.0, 19.0, 19.0, 19.0, 19.0, 18.0, 18.0, 18.0, 17.0, 17.0, 17.0, 17.0, 17.0, 17.0, 17.0, 16.0, 15.0, 15.0, 15.0, 15.0, 14.0, 14.0, 14.0, 14.0, 14.0, 13.0, 13.0, 13.0, 13.0, 13.0, 13.0, 13.0, 13.0, 12.0, 12.0, 12.0, 12.0, 12.0, 12.0, 12.0, 12.0, 12.0, 12.0, 12.0, 12.0, 12.0, 12.0, 12.0, 12.0, 12.0, 12.0, 12.0, 12.0, 12.0, 12.0, 12.0, 12.0, 12.0, 12.0, 12.0, 12.0, 12.0, 12.0, 12.0, 12.0, 11.0, 11.0, 11.0, 11.0, 11.0, 10.0, 10.0, 10.0, 10.0, 10.0, 10.0, 10.0, 10.0, 10.0, 10.0, 10.0, 10.0, 10.0, 10.0, 10.0, 10.0, 10.0];
u=[u0; u1; u2; u3; u4; u5; u6; u7; u8; u9; ];
vect=100*(1:length(u0));
taille = length(u0);
umean=zeros(taille,1);
uintervalleincertitude = zeros(taille,2);
for i = 1:taille;
			umean(i) = mean(u(:,i));
			nombredeVecteurs=length(u(:,1));
			uincertitude(i) = std(u(:,i))/sqrt(nombredeVecteurs);
			uintervalleincertitude(i,1) = umean(i) + uincertitude(i)*1.96;
			uintervalleincertitude(i,2) = umean(i) - uincertitude(i)*1.96;
			end;
plot(vect(taille/2:taille),uintervalleincertitude(taille/2:taille,:));
hold on;
