%Sortie Graphique : 
%Taille Echantillon : 10
%Echantillonnage : 100
%Température de départ : 7000.0
%Température de fin : 0.0


%---------------------------------------------------------------------
%Benchmark :data/le450_25a.col
clear all;
figure;
title('data/le450_25a.col,  k =[1]'
xlabel('Nombre d iterations');
ylabel('Energie');
			%Constante k : 1.0



%Seed du coloriage : 590718815
%Recuit Simulé Exponentiel avec k l'energie moyenne
%Nombre d'itération : 20000

u0=[5234.0, 3433.0, 2313.0, 1601.0, 1179.0, 843.0, 641.0, 511.0, 430.0, 331.0, 329.0, 319.0, 319.0, 319.0, 319.0, 319.0, 315.0, 315.0, 315.0, 315.0, 315.0, 315.0, 315.0, 315.0, 315.0, 315.0, 315.0, 315.0, 315.0, 315.0, 315.0, 315.0, 297.0, 297.0, 297.0, 297.0, 297.0, 297.0, 297.0, 297.0, 297.0, 297.0, 297.0, 278.0, 275.0, 261.0, 249.0, 249.0, 246.0, 236.0, 235.0, 218.0, 213.0, 199.0, 177.0, 161.0, 145.0, 131.0, 122.0, 119.0, 115.0, 108.0, 107.0, 100.0, 96.0, 90.0, 85.0, 81.0, 80.0, 78.0, 77.0, 74.0, 74.0, 72.0, 66.0, 65.0, 62.0, 62.0, 60.0, 58.0, 57.0, 56.0, 56.0, 53.0, 53.0, 53.0, 51.0, 50.0, 49.0, 49.0, 48.0, 48.0, 46.0, 44.0, 44.0, 42.0, 42.0, 41.0, 40.0, 40.0, 39.0, 39.0, 39.0, 39.0, 39.0, 37.0, 36.0, 36.0, 36.0, 36.0, 35.0, 35.0, 34.0, 32.0, 31.0, 30.0, 30.0, 29.0, 28.0, 28.0, 27.0, 27.0, 27.0, 27.0, 27.0, 27.0, 27.0, 27.0, 26.0, 26.0, 26.0, 26.0, 26.0, 26.0, 26.0, 26.0, 26.0, 26.0, 26.0, 25.0, 25.0, 24.0, 24.0, 24.0, 23.0, 23.0, 23.0, 23.0, 23.0, 23.0, 23.0, 23.0, 23.0, 23.0, 23.0, 23.0, 23.0, 23.0, 23.0, 23.0, 22.0, 22.0, 22.0, 22.0, 21.0, 21.0, 21.0, 21.0, 21.0, 21.0, 20.0, 19.0, 19.0, 19.0, 19.0, 18.0, 18.0, 18.0, 18.0, 18.0, 18.0, 18.0, 18.0, 17.0, 17.0, 17.0, 17.0, 17.0, 17.0, 17.0, 17.0, 17.0, 17.0, 17.0, 16.0, 16.0, 16.0, 16.0, 16.0];
u1=[5311.0, 3661.0, 2347.0, 1692.0, 1243.0, 968.0, 694.0, 552.0, 469.0, 413.0, 363.0, 318.0, 318.0, 318.0, 318.0, 318.0, 318.0, 315.0, 315.0, 308.0, 299.0, 299.0, 299.0, 299.0, 282.0, 282.0, 282.0, 282.0, 282.0, 282.0, 282.0, 282.0, 282.0, 282.0, 282.0, 282.0, 282.0, 282.0, 282.0, 282.0, 282.0, 282.0, 282.0, 282.0, 282.0, 282.0, 282.0, 268.0, 260.0, 246.0, 233.0, 211.0, 193.0, 170.0, 157.0, 145.0, 137.0, 123.0, 111.0, 107.0, 102.0, 96.0, 93.0, 91.0, 88.0, 87.0, 86.0, 83.0, 82.0, 80.0, 79.0, 76.0, 72.0, 69.0, 67.0, 65.0, 63.0, 63.0, 62.0, 59.0, 57.0, 57.0, 55.0, 54.0, 53.0, 53.0, 53.0, 53.0, 52.0, 51.0, 50.0, 48.0, 48.0, 47.0, 45.0, 45.0, 45.0, 45.0, 45.0, 42.0, 41.0, 41.0, 40.0, 40.0, 37.0, 36.0, 35.0, 34.0, 33.0, 33.0, 33.0, 33.0, 33.0, 31.0, 30.0, 28.0, 28.0, 28.0, 28.0, 28.0, 28.0, 27.0, 26.0, 26.0, 26.0, 26.0, 25.0, 25.0, 25.0, 25.0, 25.0, 25.0, 25.0, 24.0, 24.0, 24.0, 24.0, 24.0, 24.0, 24.0, 24.0, 24.0, 24.0, 24.0, 24.0, 23.0, 23.0, 23.0, 23.0, 23.0, 23.0, 23.0, 23.0, 23.0, 23.0, 23.0, 22.0, 22.0, 21.0, 21.0, 21.0, 21.0, 21.0, 21.0, 21.0, 21.0, 20.0, 20.0, 20.0, 19.0, 19.0, 19.0, 19.0, 19.0, 19.0, 19.0, 19.0, 19.0, 19.0, 19.0, 18.0, 18.0, 18.0, 18.0, 18.0, 18.0, 18.0, 18.0, 18.0, 18.0, 18.0, 18.0, 18.0, 18.0, 18.0, 18.0, 18.0, 18.0, 18.0];
u2=[5418.0, 3493.0, 2238.0, 1499.0, 1195.0, 811.0, 707.0, 495.0, 420.0, 372.0, 351.0, 343.0, 323.0, 323.0, 323.0, 323.0, 323.0, 315.0, 309.0, 308.0, 308.0, 308.0, 308.0, 308.0, 306.0, 296.0, 296.0, 296.0, 296.0, 296.0, 296.0, 296.0, 296.0, 296.0, 296.0, 296.0, 296.0, 296.0, 296.0, 296.0, 296.0, 296.0, 296.0, 296.0, 296.0, 296.0, 296.0, 296.0, 296.0, 277.0, 259.0, 239.0, 231.0, 205.0, 182.0, 164.0, 153.0, 135.0, 130.0, 122.0, 113.0, 108.0, 100.0, 96.0, 89.0, 86.0, 80.0, 79.0, 72.0, 70.0, 69.0, 62.0, 62.0, 62.0, 60.0, 59.0, 56.0, 55.0, 53.0, 53.0, 52.0, 49.0, 48.0, 48.0, 46.0, 45.0, 44.0, 43.0, 42.0, 42.0, 42.0, 42.0, 41.0, 41.0, 39.0, 38.0, 37.0, 37.0, 37.0, 37.0, 36.0, 35.0, 35.0, 33.0, 33.0, 32.0, 32.0, 32.0, 32.0, 32.0, 31.0, 31.0, 30.0, 30.0, 29.0, 29.0, 29.0, 29.0, 29.0, 28.0, 28.0, 28.0, 28.0, 27.0, 27.0, 26.0, 26.0, 26.0, 26.0, 26.0, 25.0, 25.0, 24.0, 24.0, 24.0, 24.0, 23.0, 23.0, 23.0, 22.0, 22.0, 22.0, 22.0, 22.0, 21.0, 21.0, 21.0, 21.0, 21.0, 20.0, 19.0, 19.0, 19.0, 19.0, 19.0, 19.0, 19.0, 19.0, 19.0, 18.0, 18.0, 18.0, 18.0, 18.0, 18.0, 18.0, 18.0, 17.0, 17.0, 17.0, 17.0, 17.0, 17.0, 17.0, 17.0, 16.0, 16.0, 16.0, 16.0, 16.0, 16.0, 16.0, 16.0, 16.0, 16.0, 16.0, 16.0, 16.0, 16.0, 15.0, 15.0, 15.0, 15.0, 15.0, 15.0, 15.0, 15.0, 15.0, 15.0];
u3=[5325.0, 3182.0, 2243.0, 1571.0, 985.0, 744.0, 540.0, 504.0, 450.0, 403.0, 345.0, 345.0, 323.0, 323.0, 299.0, 294.0, 293.0, 293.0, 293.0, 293.0, 293.0, 293.0, 293.0, 293.0, 293.0, 293.0, 293.0, 293.0, 293.0, 293.0, 293.0, 293.0, 293.0, 293.0, 293.0, 293.0, 293.0, 293.0, 293.0, 293.0, 293.0, 293.0, 293.0, 293.0, 293.0, 293.0, 293.0, 293.0, 269.0, 247.0, 237.0, 221.0, 202.0, 186.0, 172.0, 159.0, 149.0, 133.0, 121.0, 114.0, 104.0, 101.0, 100.0, 97.0, 95.0, 95.0, 92.0, 90.0, 85.0, 81.0, 77.0, 76.0, 71.0, 70.0, 69.0, 66.0, 65.0, 64.0, 63.0, 60.0, 59.0, 58.0, 56.0, 53.0, 52.0, 50.0, 48.0, 47.0, 47.0, 47.0, 47.0, 46.0, 46.0, 46.0, 46.0, 46.0, 44.0, 44.0, 44.0, 43.0, 43.0, 42.0, 42.0, 41.0, 41.0, 40.0, 40.0, 39.0, 38.0, 37.0, 36.0, 36.0, 35.0, 35.0, 34.0, 34.0, 34.0, 34.0, 34.0, 34.0, 34.0, 34.0, 34.0, 34.0, 34.0, 34.0, 34.0, 31.0, 31.0, 31.0, 31.0, 31.0, 30.0, 30.0, 30.0, 29.0, 29.0, 28.0, 28.0, 28.0, 28.0, 28.0, 28.0, 27.0, 27.0, 26.0, 26.0, 26.0, 26.0, 26.0, 26.0, 26.0, 26.0, 26.0, 26.0, 25.0, 25.0, 25.0, 25.0, 25.0, 25.0, 25.0, 25.0, 25.0, 25.0, 25.0, 25.0, 25.0, 25.0, 25.0, 25.0, 25.0, 25.0, 25.0, 25.0, 25.0, 25.0, 25.0, 25.0, 25.0, 24.0, 24.0, 24.0, 23.0, 23.0, 22.0, 21.0, 21.0, 21.0, 21.0, 21.0, 21.0, 21.0, 21.0, 21.0, 21.0, 21.0, 21.0, 21.0];
u4=[5250.0, 3428.0, 2339.0, 1701.0, 1151.0, 819.0, 650.0, 490.0, 455.0, 396.0, 381.0, 381.0, 360.0, 345.0, 331.0, 331.0, 314.0, 303.0, 303.0, 303.0, 303.0, 303.0, 303.0, 303.0, 303.0, 296.0, 296.0, 291.0, 289.0, 286.0, 286.0, 286.0, 286.0, 286.0, 286.0, 286.0, 286.0, 286.0, 286.0, 286.0, 286.0, 286.0, 286.0, 286.0, 280.0, 280.0, 280.0, 280.0, 280.0, 274.0, 248.0, 223.0, 207.0, 187.0, 166.0, 157.0, 144.0, 135.0, 127.0, 119.0, 111.0, 106.0, 101.0, 98.0, 92.0, 92.0, 89.0, 86.0, 84.0, 79.0, 75.0, 74.0, 73.0, 69.0, 68.0, 68.0, 65.0, 63.0, 62.0, 59.0, 55.0, 53.0, 51.0, 49.0, 49.0, 46.0, 45.0, 45.0, 45.0, 44.0, 43.0, 42.0, 42.0, 42.0, 42.0, 41.0, 39.0, 38.0, 37.0, 37.0, 37.0, 36.0, 36.0, 36.0, 36.0, 36.0, 36.0, 36.0, 35.0, 35.0, 34.0, 32.0, 32.0, 31.0, 30.0, 30.0, 30.0, 30.0, 30.0, 30.0, 30.0, 29.0, 29.0, 28.0, 28.0, 28.0, 28.0, 27.0, 27.0, 26.0, 26.0, 26.0, 26.0, 26.0, 26.0, 26.0, 26.0, 26.0, 26.0, 26.0, 26.0, 26.0, 26.0, 26.0, 26.0, 25.0, 25.0, 25.0, 25.0, 24.0, 23.0, 23.0, 23.0, 23.0, 23.0, 23.0, 23.0, 23.0, 23.0, 22.0, 22.0, 22.0, 21.0, 21.0, 21.0, 20.0, 20.0, 20.0, 20.0, 20.0, 20.0, 20.0, 20.0, 20.0, 19.0, 19.0, 19.0, 19.0, 19.0, 19.0, 19.0, 19.0, 18.0, 18.0, 17.0, 17.0, 17.0, 17.0, 17.0, 16.0, 16.0, 16.0, 16.0, 16.0, 16.0, 16.0, 16.0, 16.0, 16.0];
u5=[5674.0, 3796.0, 2590.0, 1754.0, 1114.0, 894.0, 635.0, 533.0, 454.0, 395.0, 382.0, 351.0, 318.0, 318.0, 318.0, 318.0, 318.0, 318.0, 318.0, 318.0, 318.0, 318.0, 309.0, 309.0, 309.0, 309.0, 309.0, 309.0, 309.0, 309.0, 309.0, 309.0, 309.0, 309.0, 309.0, 309.0, 309.0, 309.0, 309.0, 309.0, 309.0, 309.0, 309.0, 309.0, 299.0, 281.0, 268.0, 268.0, 261.0, 249.0, 218.0, 193.0, 179.0, 163.0, 153.0, 135.0, 124.0, 120.0, 113.0, 105.0, 100.0, 95.0, 90.0, 85.0, 81.0, 81.0, 77.0, 73.0, 71.0, 70.0, 69.0, 66.0, 64.0, 60.0, 58.0, 58.0, 57.0, 54.0, 53.0, 53.0, 51.0, 51.0, 51.0, 51.0, 51.0, 50.0, 47.0, 46.0, 46.0, 46.0, 46.0, 46.0, 45.0, 44.0, 42.0, 42.0, 42.0, 42.0, 41.0, 38.0, 37.0, 37.0, 37.0, 36.0, 36.0, 36.0, 36.0, 36.0, 36.0, 36.0, 36.0, 36.0, 35.0, 35.0, 35.0, 34.0, 34.0, 34.0, 34.0, 34.0, 34.0, 34.0, 33.0, 33.0, 32.0, 32.0, 32.0, 31.0, 31.0, 31.0, 31.0, 31.0, 31.0, 31.0, 31.0, 30.0, 29.0, 28.0, 27.0, 26.0, 26.0, 26.0, 26.0, 26.0, 26.0, 26.0, 26.0, 26.0, 26.0, 24.0, 24.0, 24.0, 24.0, 24.0, 24.0, 24.0, 24.0, 24.0, 24.0, 24.0, 24.0, 23.0, 23.0, 23.0, 23.0, 23.0, 22.0, 22.0, 22.0, 22.0, 22.0, 22.0, 21.0, 21.0, 21.0, 21.0, 21.0, 20.0, 20.0, 20.0, 20.0, 20.0, 20.0, 20.0, 20.0, 20.0, 20.0, 20.0, 20.0, 20.0, 20.0, 20.0, 20.0, 20.0, 19.0, 19.0, 19.0, 19.0, 19.0];
u6=[5629.0, 3537.0, 2372.0, 1658.0, 1269.0, 895.0, 656.0, 501.0, 428.0, 427.0, 379.0, 357.0, 349.0, 336.0, 336.0, 336.0, 325.0, 325.0, 325.0, 325.0, 325.0, 325.0, 325.0, 325.0, 325.0, 325.0, 325.0, 309.0, 309.0, 283.0, 283.0, 283.0, 283.0, 283.0, 283.0, 283.0, 283.0, 283.0, 283.0, 283.0, 283.0, 283.0, 283.0, 283.0, 283.0, 283.0, 283.0, 283.0, 283.0, 283.0, 259.0, 256.0, 233.0, 212.0, 195.0, 179.0, 166.0, 154.0, 145.0, 134.0, 128.0, 122.0, 116.0, 113.0, 106.0, 103.0, 101.0, 95.0, 93.0, 90.0, 88.0, 86.0, 81.0, 75.0, 72.0, 70.0, 68.0, 67.0, 66.0, 63.0, 63.0, 63.0, 63.0, 60.0, 58.0, 57.0, 55.0, 52.0, 52.0, 51.0, 51.0, 50.0, 50.0, 49.0, 47.0, 46.0, 45.0, 45.0, 44.0, 44.0, 44.0, 44.0, 44.0, 44.0, 42.0, 41.0, 41.0, 38.0, 37.0, 35.0, 35.0, 35.0, 34.0, 33.0, 33.0, 33.0, 32.0, 32.0, 32.0, 32.0, 32.0, 32.0, 32.0, 32.0, 32.0, 31.0, 31.0, 31.0, 31.0, 31.0, 30.0, 30.0, 30.0, 30.0, 30.0, 30.0, 30.0, 30.0, 29.0, 27.0, 26.0, 26.0, 26.0, 26.0, 26.0, 26.0, 26.0, 26.0, 26.0, 26.0, 26.0, 26.0, 26.0, 26.0, 26.0, 26.0, 25.0, 25.0, 25.0, 25.0, 25.0, 25.0, 25.0, 25.0, 24.0, 24.0, 24.0, 24.0, 24.0, 24.0, 24.0, 24.0, 24.0, 24.0, 24.0, 24.0, 24.0, 24.0, 24.0, 24.0, 24.0, 23.0, 23.0, 22.0, 22.0, 22.0, 22.0, 22.0, 22.0, 22.0, 22.0, 22.0, 22.0, 21.0, 21.0, 21.0, 21.0, 21.0, 21.0];
u7=[5517.0, 3810.0, 2679.0, 1828.0, 1180.0, 817.0, 596.0, 505.0, 441.0, 437.0, 408.0, 381.0, 372.0, 342.0, 338.0, 335.0, 335.0, 335.0, 335.0, 325.0, 325.0, 325.0, 325.0, 305.0, 305.0, 305.0, 305.0, 305.0, 305.0, 304.0, 304.0, 304.0, 304.0, 304.0, 304.0, 296.0, 295.0, 295.0, 295.0, 295.0, 295.0, 295.0, 295.0, 295.0, 295.0, 292.0, 290.0, 290.0, 277.0, 268.0, 255.0, 231.0, 216.0, 193.0, 173.0, 156.0, 144.0, 133.0, 119.0, 113.0, 105.0, 99.0, 93.0, 90.0, 86.0, 82.0, 79.0, 78.0, 76.0, 73.0, 70.0, 67.0, 63.0, 61.0, 57.0, 56.0, 55.0, 54.0, 54.0, 52.0, 47.0, 46.0, 45.0, 45.0, 45.0, 45.0, 45.0, 45.0, 42.0, 42.0, 42.0, 40.0, 40.0, 40.0, 39.0, 39.0, 39.0, 39.0, 38.0, 38.0, 37.0, 36.0, 36.0, 36.0, 35.0, 35.0, 35.0, 35.0, 34.0, 33.0, 32.0, 32.0, 30.0, 30.0, 30.0, 29.0, 29.0, 29.0, 28.0, 28.0, 28.0, 28.0, 28.0, 27.0, 27.0, 27.0, 27.0, 26.0, 26.0, 26.0, 26.0, 26.0, 25.0, 24.0, 24.0, 24.0, 24.0, 24.0, 23.0, 23.0, 22.0, 22.0, 22.0, 22.0, 22.0, 22.0, 22.0, 21.0, 21.0, 21.0, 21.0, 21.0, 20.0, 20.0, 20.0, 20.0, 20.0, 20.0, 20.0, 20.0, 20.0, 20.0, 20.0, 20.0, 20.0, 20.0, 20.0, 20.0, 20.0, 20.0, 20.0, 20.0, 20.0, 20.0, 20.0, 20.0, 20.0, 20.0, 19.0, 19.0, 19.0, 19.0, 19.0, 19.0, 18.0, 18.0, 17.0, 17.0, 17.0, 17.0, 17.0, 17.0, 17.0, 16.0, 16.0, 16.0, 16.0, 16.0, 16.0];
u8=[5589.0, 3473.0, 2253.0, 1456.0, 1067.0, 752.0, 563.0, 474.0, 426.0, 416.0, 363.0, 351.0, 351.0, 351.0, 321.0, 321.0, 321.0, 321.0, 321.0, 321.0, 321.0, 321.0, 320.0, 320.0, 320.0, 318.0, 306.0, 301.0, 301.0, 301.0, 301.0, 300.0, 300.0, 292.0, 292.0, 292.0, 292.0, 292.0, 292.0, 292.0, 292.0, 290.0, 288.0, 288.0, 275.0, 269.0, 259.0, 257.0, 248.0, 243.0, 235.0, 217.0, 192.0, 187.0, 175.0, 158.0, 148.0, 137.0, 126.0, 118.0, 110.0, 105.0, 102.0, 93.0, 86.0, 80.0, 76.0, 72.0, 69.0, 66.0, 65.0, 62.0, 61.0, 61.0, 59.0, 58.0, 57.0, 57.0, 56.0, 55.0, 54.0, 52.0, 51.0, 50.0, 49.0, 48.0, 47.0, 45.0, 45.0, 45.0, 44.0, 41.0, 38.0, 38.0, 37.0, 35.0, 35.0, 34.0, 33.0, 32.0, 32.0, 32.0, 32.0, 32.0, 32.0, 32.0, 31.0, 30.0, 29.0, 29.0, 29.0, 29.0, 29.0, 29.0, 29.0, 28.0, 28.0, 28.0, 28.0, 28.0, 28.0, 28.0, 28.0, 28.0, 28.0, 28.0, 28.0, 28.0, 28.0, 27.0, 27.0, 26.0, 26.0, 26.0, 26.0, 25.0, 24.0, 24.0, 24.0, 24.0, 24.0, 24.0, 23.0, 23.0, 23.0, 23.0, 23.0, 23.0, 23.0, 23.0, 23.0, 23.0, 23.0, 23.0, 23.0, 23.0, 23.0, 23.0, 22.0, 22.0, 22.0, 22.0, 22.0, 21.0, 21.0, 21.0, 21.0, 21.0, 21.0, 18.0, 18.0, 18.0, 17.0, 17.0, 17.0, 17.0, 17.0, 17.0, 17.0, 17.0, 17.0, 17.0, 17.0, 17.0, 17.0, 17.0, 17.0, 17.0, 17.0, 17.0, 17.0, 17.0, 17.0, 17.0, 17.0, 17.0, 17.0, 17.0, 17.0];
u9=[5101.0, 2993.0, 1987.0, 1597.0, 1136.0, 882.0, 657.0, 462.0, 422.0, 383.0, 371.0, 352.0, 322.0, 302.0, 302.0, 302.0, 292.0, 289.0, 289.0, 289.0, 289.0, 289.0, 289.0, 289.0, 289.0, 289.0, 289.0, 289.0, 289.0, 289.0, 289.0, 289.0, 289.0, 289.0, 289.0, 289.0, 289.0, 289.0, 289.0, 289.0, 289.0, 289.0, 289.0, 284.0, 284.0, 284.0, 284.0, 284.0, 284.0, 283.0, 274.0, 262.0, 237.0, 214.0, 196.0, 188.0, 171.0, 158.0, 149.0, 138.0, 135.0, 126.0, 116.0, 108.0, 102.0, 99.0, 96.0, 93.0, 90.0, 90.0, 85.0, 83.0, 79.0, 77.0, 72.0, 70.0, 70.0, 68.0, 64.0, 62.0, 62.0, 60.0, 59.0, 58.0, 51.0, 49.0, 49.0, 47.0, 46.0, 46.0, 46.0, 45.0, 44.0, 43.0, 43.0, 42.0, 40.0, 40.0, 40.0, 40.0, 40.0, 39.0, 39.0, 37.0, 37.0, 37.0, 37.0, 37.0, 36.0, 35.0, 34.0, 32.0, 31.0, 31.0, 30.0, 29.0, 29.0, 29.0, 29.0, 29.0, 29.0, 29.0, 29.0, 28.0, 27.0, 26.0, 26.0, 25.0, 25.0, 25.0, 25.0, 25.0, 25.0, 25.0, 24.0, 23.0, 22.0, 22.0, 21.0, 21.0, 21.0, 21.0, 21.0, 20.0, 20.0, 20.0, 20.0, 20.0, 20.0, 20.0, 19.0, 19.0, 18.0, 18.0, 18.0, 18.0, 18.0, 17.0, 17.0, 17.0, 17.0, 17.0, 17.0, 17.0, 17.0, 16.0, 16.0, 16.0, 16.0, 16.0, 16.0, 16.0, 16.0, 16.0, 16.0, 16.0, 15.0, 15.0, 15.0, 15.0, 15.0, 15.0, 15.0, 15.0, 15.0, 15.0, 15.0, 15.0, 15.0, 15.0, 14.0, 14.0, 14.0, 14.0, 12.0, 12.0, 12.0, 12.0, 12.0];
u=[u0; u1; u2; u3; u4; u5; u6; u7; u8; u9; ];
vect=100*(1:length(u0));
taille = length(u0);
umean=zeros(taille,1);
uintervalleincertitude = zeros(taille,2);
for i = 1:taille;
			umean(i) = mean(u(:,i));
			nombredeVecteurs=length(u(:,1));
			uincertitude(i) = std(u(:,i))/sqrt(nombredeVecteurs);
			uintervalleincertitude(i,1) = umean(i) + uincertitude(i)*1.96;
			uintervalleincertitude(i,2) = umean(i) - uincertitude(i)*1.96;
			end;
plot(vect(taille/2:taille),uintervalleincertitude(taille/2:taille,:));
hold on;


%---------------------------------------------------------------------
%Benchmark :data/le450_25b.col
clear all;
figure;
title('data/le450_25b.col,  k =[1]'
xlabel('Nombre d iterations');
ylabel('Energie');
			%Constante k : 1.0



%Seed du coloriage : 647831892
%Recuit Simulé Exponentiel avec k l'energie moyenne
%Nombre d'itération : 20000

u0=[5500.0, 3709.0, 2344.0, 1634.0, 1132.0, 773.0, 604.0, 584.0, 498.0, 443.0, 376.0, 363.0, 352.0, 340.0, 321.0, 295.0, 284.0, 284.0, 284.0, 284.0, 284.0, 284.0, 284.0, 284.0, 284.0, 284.0, 284.0, 284.0, 284.0, 284.0, 284.0, 284.0, 284.0, 284.0, 284.0, 284.0, 284.0, 284.0, 284.0, 284.0, 284.0, 284.0, 284.0, 284.0, 284.0, 284.0, 281.0, 281.0, 281.0, 281.0, 264.0, 228.0, 211.0, 199.0, 178.0, 167.0, 155.0, 139.0, 134.0, 124.0, 114.0, 110.0, 107.0, 105.0, 99.0, 92.0, 86.0, 81.0, 80.0, 74.0, 73.0, 70.0, 69.0, 67.0, 61.0, 60.0, 58.0, 57.0, 55.0, 54.0, 54.0, 54.0, 53.0, 52.0, 50.0, 50.0, 49.0, 46.0, 42.0, 42.0, 41.0, 41.0, 40.0, 38.0, 38.0, 37.0, 36.0, 36.0, 36.0, 36.0, 36.0, 35.0, 34.0, 33.0, 33.0, 32.0, 31.0, 31.0, 31.0, 31.0, 29.0, 29.0, 28.0, 28.0, 28.0, 27.0, 27.0, 27.0, 27.0, 25.0, 25.0, 25.0, 25.0, 23.0, 23.0, 23.0, 23.0, 22.0, 22.0, 22.0, 22.0, 21.0, 20.0, 20.0, 20.0, 20.0, 20.0, 20.0, 20.0, 20.0, 19.0, 19.0, 19.0, 19.0, 19.0, 19.0, 19.0, 19.0, 18.0, 18.0, 18.0, 18.0, 18.0, 18.0, 18.0, 18.0, 18.0, 18.0, 18.0, 18.0, 17.0, 17.0, 17.0, 17.0, 17.0, 17.0, 17.0, 17.0, 17.0, 17.0, 17.0, 17.0, 16.0, 16.0, 16.0, 16.0, 16.0, 16.0, 15.0, 15.0, 15.0, 15.0, 15.0, 15.0, 15.0, 15.0, 14.0, 14.0, 14.0, 14.0, 14.0, 14.0, 14.0, 14.0, 14.0, 14.0, 14.0, 14.0, 14.0];
u1=[5122.0, 3437.0, 2379.0, 1521.0, 1190.0, 720.0, 557.0, 453.0, 407.0, 362.0, 347.0, 345.0, 345.0, 341.0, 323.0, 323.0, 323.0, 323.0, 320.0, 320.0, 320.0, 316.0, 313.0, 313.0, 313.0, 313.0, 313.0, 313.0, 313.0, 313.0, 297.0, 297.0, 297.0, 297.0, 297.0, 297.0, 297.0, 297.0, 297.0, 297.0, 297.0, 297.0, 297.0, 297.0, 297.0, 297.0, 297.0, 297.0, 297.0, 282.0, 257.0, 251.0, 224.0, 195.0, 172.0, 154.0, 146.0, 136.0, 127.0, 121.0, 118.0, 111.0, 104.0, 95.0, 92.0, 85.0, 84.0, 81.0, 80.0, 79.0, 75.0, 73.0, 69.0, 66.0, 66.0, 64.0, 63.0, 62.0, 60.0, 58.0, 54.0, 54.0, 54.0, 52.0, 51.0, 50.0, 49.0, 48.0, 48.0, 48.0, 47.0, 45.0, 43.0, 42.0, 42.0, 41.0, 41.0, 40.0, 38.0, 37.0, 37.0, 37.0, 37.0, 37.0, 36.0, 35.0, 35.0, 35.0, 35.0, 35.0, 35.0, 35.0, 34.0, 34.0, 32.0, 31.0, 31.0, 30.0, 30.0, 28.0, 28.0, 28.0, 28.0, 28.0, 28.0, 28.0, 27.0, 27.0, 26.0, 26.0, 26.0, 26.0, 26.0, 25.0, 25.0, 25.0, 24.0, 24.0, 24.0, 24.0, 23.0, 23.0, 22.0, 22.0, 22.0, 22.0, 20.0, 20.0, 20.0, 19.0, 19.0, 19.0, 18.0, 17.0, 17.0, 17.0, 16.0, 16.0, 16.0, 16.0, 15.0, 15.0, 15.0, 15.0, 15.0, 15.0, 15.0, 15.0, 15.0, 15.0, 15.0, 15.0, 15.0, 15.0, 15.0, 15.0, 15.0, 15.0, 15.0, 15.0, 15.0, 15.0, 15.0, 15.0, 15.0, 15.0, 15.0, 15.0, 15.0, 15.0, 15.0, 15.0, 15.0, 15.0, 15.0, 15.0, 15.0, 15.0, 15.0];
u2=[5115.0, 3429.0, 2374.0, 1523.0, 1112.0, 828.0, 626.0, 511.0, 410.0, 393.0, 361.0, 360.0, 326.0, 326.0, 314.0, 314.0, 314.0, 314.0, 314.0, 314.0, 314.0, 306.0, 297.0, 297.0, 297.0, 297.0, 297.0, 297.0, 297.0, 297.0, 297.0, 297.0, 297.0, 297.0, 297.0, 295.0, 295.0, 295.0, 295.0, 295.0, 295.0, 294.0, 293.0, 290.0, 290.0, 290.0, 282.0, 278.0, 264.0, 233.0, 209.0, 199.0, 188.0, 169.0, 155.0, 138.0, 132.0, 124.0, 117.0, 108.0, 105.0, 100.0, 94.0, 93.0, 91.0, 89.0, 85.0, 79.0, 76.0, 75.0, 73.0, 70.0, 69.0, 66.0, 66.0, 63.0, 59.0, 58.0, 56.0, 56.0, 53.0, 50.0, 50.0, 47.0, 47.0, 45.0, 41.0, 39.0, 38.0, 38.0, 38.0, 36.0, 34.0, 32.0, 32.0, 31.0, 30.0, 29.0, 29.0, 29.0, 29.0, 29.0, 29.0, 29.0, 29.0, 29.0, 29.0, 29.0, 28.0, 28.0, 28.0, 28.0, 28.0, 28.0, 28.0, 28.0, 28.0, 28.0, 28.0, 27.0, 25.0, 24.0, 23.0, 23.0, 23.0, 23.0, 22.0, 22.0, 22.0, 22.0, 22.0, 22.0, 22.0, 21.0, 21.0, 21.0, 21.0, 21.0, 20.0, 20.0, 20.0, 20.0, 20.0, 20.0, 20.0, 20.0, 20.0, 20.0, 20.0, 20.0, 20.0, 20.0, 20.0, 20.0, 20.0, 20.0, 20.0, 20.0, 20.0, 19.0, 19.0, 19.0, 19.0, 19.0, 19.0, 19.0, 18.0, 18.0, 18.0, 18.0, 18.0, 18.0, 17.0, 17.0, 17.0, 17.0, 17.0, 17.0, 17.0, 16.0, 16.0, 16.0, 16.0, 16.0, 16.0, 16.0, 16.0, 16.0, 16.0, 16.0, 16.0, 16.0, 15.0, 15.0, 14.0, 13.0, 13.0, 13.0, 13.0];
u3=[5279.0, 3557.0, 2414.0, 1486.0, 1110.0, 749.0, 673.0, 577.0, 495.0, 443.0, 415.0, 366.0, 323.0, 323.0, 321.0, 310.0, 299.0, 294.0, 294.0, 294.0, 294.0, 294.0, 294.0, 294.0, 294.0, 294.0, 294.0, 294.0, 294.0, 294.0, 294.0, 294.0, 294.0, 294.0, 294.0, 294.0, 294.0, 294.0, 294.0, 294.0, 294.0, 294.0, 294.0, 294.0, 288.0, 284.0, 284.0, 284.0, 284.0, 284.0, 267.0, 260.0, 241.0, 216.0, 199.0, 175.0, 151.0, 140.0, 128.0, 120.0, 114.0, 107.0, 101.0, 99.0, 93.0, 90.0, 86.0, 82.0, 78.0, 75.0, 75.0, 72.0, 70.0, 68.0, 65.0, 63.0, 59.0, 58.0, 58.0, 58.0, 58.0, 57.0, 53.0, 51.0, 49.0, 48.0, 48.0, 48.0, 47.0, 46.0, 46.0, 45.0, 42.0, 42.0, 41.0, 41.0, 41.0, 39.0, 38.0, 36.0, 36.0, 36.0, 35.0, 35.0, 34.0, 34.0, 34.0, 34.0, 34.0, 33.0, 33.0, 31.0, 31.0, 31.0, 30.0, 30.0, 29.0, 29.0, 29.0, 29.0, 29.0, 29.0, 29.0, 29.0, 29.0, 29.0, 29.0, 29.0, 28.0, 28.0, 28.0, 27.0, 27.0, 26.0, 26.0, 26.0, 24.0, 24.0, 24.0, 24.0, 24.0, 24.0, 23.0, 23.0, 23.0, 22.0, 21.0, 21.0, 21.0, 21.0, 20.0, 20.0, 20.0, 20.0, 20.0, 20.0, 20.0, 20.0, 19.0, 19.0, 19.0, 19.0, 19.0, 19.0, 19.0, 19.0, 19.0, 19.0, 19.0, 18.0, 18.0, 18.0, 17.0, 17.0, 17.0, 17.0, 17.0, 17.0, 17.0, 17.0, 16.0, 16.0, 15.0, 15.0, 15.0, 15.0, 15.0, 15.0, 15.0, 15.0, 15.0, 15.0, 15.0, 15.0, 15.0, 15.0, 15.0, 15.0, 15.0];
u4=[5600.0, 3570.0, 2324.0, 1740.0, 1209.0, 838.0, 721.0, 583.0, 457.0, 413.0, 387.0, 355.0, 335.0, 335.0, 314.0, 306.0, 305.0, 305.0, 305.0, 305.0, 303.0, 303.0, 296.0, 290.0, 290.0, 290.0, 290.0, 290.0, 290.0, 290.0, 290.0, 290.0, 290.0, 290.0, 290.0, 290.0, 290.0, 290.0, 290.0, 290.0, 290.0, 289.0, 280.0, 280.0, 280.0, 273.0, 247.0, 238.0, 232.0, 232.0, 221.0, 204.0, 187.0, 176.0, 163.0, 146.0, 134.0, 124.0, 117.0, 114.0, 110.0, 105.0, 99.0, 94.0, 90.0, 84.0, 80.0, 78.0, 73.0, 69.0, 67.0, 64.0, 64.0, 61.0, 56.0, 53.0, 53.0, 49.0, 48.0, 47.0, 45.0, 45.0, 45.0, 44.0, 43.0, 42.0, 42.0, 42.0, 40.0, 38.0, 38.0, 37.0, 37.0, 36.0, 35.0, 35.0, 33.0, 32.0, 32.0, 32.0, 31.0, 31.0, 31.0, 31.0, 30.0, 30.0, 30.0, 30.0, 30.0, 30.0, 30.0, 30.0, 30.0, 29.0, 28.0, 28.0, 27.0, 27.0, 26.0, 26.0, 26.0, 25.0, 25.0, 25.0, 25.0, 25.0, 25.0, 25.0, 25.0, 25.0, 25.0, 25.0, 24.0, 24.0, 24.0, 22.0, 21.0, 21.0, 21.0, 21.0, 20.0, 20.0, 20.0, 20.0, 20.0, 20.0, 19.0, 19.0, 19.0, 19.0, 19.0, 19.0, 19.0, 19.0, 19.0, 19.0, 19.0, 19.0, 18.0, 18.0, 18.0, 17.0, 17.0, 17.0, 17.0, 16.0, 16.0, 16.0, 16.0, 15.0, 15.0, 15.0, 15.0, 15.0, 15.0, 15.0, 15.0, 15.0, 15.0, 15.0, 15.0, 15.0, 15.0, 15.0, 14.0, 13.0, 13.0, 13.0, 12.0, 12.0, 12.0, 12.0, 12.0, 12.0, 12.0, 12.0, 12.0, 11.0, 11.0];
u5=[5118.0, 3241.0, 2321.0, 1742.0, 1064.0, 833.0, 659.0, 539.0, 458.0, 383.0, 375.0, 334.0, 325.0, 301.0, 301.0, 301.0, 301.0, 301.0, 301.0, 301.0, 301.0, 301.0, 301.0, 301.0, 301.0, 301.0, 300.0, 299.0, 299.0, 299.0, 299.0, 299.0, 299.0, 299.0, 299.0, 299.0, 299.0, 299.0, 299.0, 299.0, 299.0, 299.0, 299.0, 299.0, 299.0, 291.0, 291.0, 277.0, 250.0, 242.0, 233.0, 233.0, 215.0, 197.0, 185.0, 171.0, 156.0, 141.0, 130.0, 121.0, 116.0, 110.0, 103.0, 100.0, 96.0, 89.0, 85.0, 82.0, 78.0, 77.0, 73.0, 69.0, 65.0, 64.0, 60.0, 57.0, 56.0, 53.0, 53.0, 51.0, 50.0, 47.0, 47.0, 46.0, 44.0, 43.0, 43.0, 43.0, 41.0, 40.0, 39.0, 37.0, 37.0, 37.0, 37.0, 37.0, 37.0, 35.0, 35.0, 34.0, 32.0, 32.0, 32.0, 32.0, 32.0, 32.0, 31.0, 31.0, 30.0, 29.0, 29.0, 29.0, 29.0, 29.0, 29.0, 29.0, 29.0, 29.0, 29.0, 29.0, 29.0, 29.0, 29.0, 28.0, 28.0, 28.0, 28.0, 27.0, 26.0, 26.0, 26.0, 26.0, 26.0, 25.0, 24.0, 24.0, 23.0, 23.0, 23.0, 23.0, 23.0, 23.0, 23.0, 23.0, 23.0, 23.0, 21.0, 21.0, 21.0, 21.0, 20.0, 20.0, 20.0, 20.0, 20.0, 20.0, 20.0, 20.0, 20.0, 20.0, 20.0, 20.0, 20.0, 20.0, 20.0, 20.0, 19.0, 19.0, 18.0, 18.0, 18.0, 18.0, 18.0, 18.0, 18.0, 18.0, 18.0, 18.0, 18.0, 18.0, 17.0, 17.0, 16.0, 15.0, 14.0, 14.0, 14.0, 14.0, 14.0, 14.0, 14.0, 14.0, 14.0, 14.0, 14.0, 14.0, 14.0, 14.0, 14.0];
u6=[5467.0, 3538.0, 2368.0, 1534.0, 979.0, 701.0, 576.0, 496.0, 422.0, 375.0, 358.0, 340.0, 340.0, 332.0, 325.0, 310.0, 306.0, 306.0, 306.0, 306.0, 306.0, 306.0, 306.0, 306.0, 306.0, 306.0, 306.0, 306.0, 306.0, 306.0, 306.0, 306.0, 306.0, 306.0, 306.0, 306.0, 306.0, 303.0, 294.0, 285.0, 285.0, 285.0, 285.0, 285.0, 285.0, 281.0, 276.0, 258.0, 258.0, 255.0, 229.0, 217.0, 209.0, 193.0, 183.0, 164.0, 146.0, 138.0, 131.0, 123.0, 119.0, 113.0, 110.0, 109.0, 103.0, 95.0, 94.0, 91.0, 85.0, 78.0, 76.0, 73.0, 69.0, 67.0, 66.0, 63.0, 61.0, 60.0, 58.0, 56.0, 56.0, 53.0, 51.0, 51.0, 50.0, 50.0, 50.0, 47.0, 46.0, 46.0, 46.0, 44.0, 44.0, 43.0, 42.0, 41.0, 41.0, 40.0, 37.0, 35.0, 35.0, 35.0, 35.0, 35.0, 33.0, 32.0, 31.0, 31.0, 31.0, 29.0, 29.0, 29.0, 29.0, 28.0, 28.0, 28.0, 28.0, 28.0, 28.0, 28.0, 28.0, 28.0, 27.0, 27.0, 27.0, 27.0, 27.0, 27.0, 27.0, 27.0, 27.0, 27.0, 27.0, 27.0, 27.0, 27.0, 27.0, 27.0, 27.0, 27.0, 27.0, 27.0, 27.0, 27.0, 27.0, 27.0, 27.0, 27.0, 26.0, 26.0, 26.0, 26.0, 25.0, 23.0, 23.0, 23.0, 23.0, 23.0, 22.0, 22.0, 22.0, 22.0, 22.0, 20.0, 18.0, 18.0, 18.0, 18.0, 18.0, 18.0, 18.0, 18.0, 18.0, 17.0, 17.0, 17.0, 17.0, 17.0, 17.0, 17.0, 17.0, 17.0, 17.0, 17.0, 17.0, 15.0, 15.0, 15.0, 15.0, 15.0, 15.0, 14.0, 14.0, 13.0, 13.0, 13.0, 12.0, 12.0, 12.0];
u7=[5245.0, 3406.0, 2381.0, 1493.0, 1086.0, 787.0, 631.0, 581.0, 436.0, 423.0, 383.0, 375.0, 365.0, 365.0, 347.0, 321.0, 307.0, 295.0, 295.0, 295.0, 295.0, 295.0, 295.0, 295.0, 295.0, 295.0, 295.0, 295.0, 295.0, 295.0, 295.0, 295.0, 295.0, 294.0, 293.0, 293.0, 293.0, 288.0, 288.0, 288.0, 288.0, 288.0, 288.0, 288.0, 288.0, 288.0, 288.0, 288.0, 278.0, 261.0, 233.0, 220.0, 197.0, 179.0, 165.0, 152.0, 138.0, 132.0, 119.0, 109.0, 102.0, 97.0, 94.0, 91.0, 85.0, 84.0, 78.0, 76.0, 74.0, 74.0, 72.0, 70.0, 66.0, 66.0, 63.0, 61.0, 61.0, 59.0, 57.0, 57.0, 55.0, 52.0, 48.0, 47.0, 46.0, 46.0, 46.0, 46.0, 44.0, 44.0, 44.0, 44.0, 44.0, 42.0, 42.0, 42.0, 40.0, 40.0, 40.0, 39.0, 39.0, 38.0, 38.0, 37.0, 35.0, 34.0, 34.0, 34.0, 34.0, 34.0, 34.0, 33.0, 32.0, 31.0, 31.0, 30.0, 30.0, 29.0, 29.0, 29.0, 28.0, 28.0, 28.0, 28.0, 28.0, 28.0, 28.0, 27.0, 25.0, 24.0, 22.0, 22.0, 22.0, 22.0, 22.0, 22.0, 21.0, 21.0, 20.0, 20.0, 20.0, 20.0, 19.0, 19.0, 19.0, 19.0, 19.0, 18.0, 18.0, 18.0, 18.0, 18.0, 17.0, 17.0, 17.0, 17.0, 17.0, 17.0, 17.0, 16.0, 16.0, 16.0, 16.0, 16.0, 16.0, 16.0, 16.0, 15.0, 15.0, 15.0, 15.0, 15.0, 15.0, 15.0, 15.0, 15.0, 15.0, 15.0, 15.0, 15.0, 15.0, 14.0, 14.0, 14.0, 14.0, 14.0, 14.0, 14.0, 14.0, 14.0, 14.0, 14.0, 14.0, 14.0, 14.0, 14.0, 14.0, 14.0, 14.0];
u8=[5313.0, 3470.0, 2337.0, 1629.0, 1097.0, 761.0, 605.0, 519.0, 476.0, 429.0, 416.0, 392.0, 371.0, 361.0, 335.0, 316.0, 298.0, 294.0, 294.0, 294.0, 294.0, 294.0, 294.0, 292.0, 292.0, 292.0, 292.0, 292.0, 292.0, 292.0, 292.0, 292.0, 280.0, 280.0, 280.0, 280.0, 280.0, 280.0, 280.0, 280.0, 280.0, 280.0, 280.0, 280.0, 280.0, 280.0, 280.0, 280.0, 276.0, 265.0, 248.0, 235.0, 210.0, 189.0, 171.0, 163.0, 151.0, 136.0, 125.0, 119.0, 111.0, 96.0, 95.0, 91.0, 89.0, 85.0, 82.0, 80.0, 78.0, 76.0, 68.0, 67.0, 65.0, 64.0, 62.0, 59.0, 57.0, 55.0, 52.0, 50.0, 50.0, 49.0, 45.0, 45.0, 45.0, 45.0, 44.0, 44.0, 43.0, 41.0, 41.0, 40.0, 38.0, 38.0, 37.0, 37.0, 37.0, 37.0, 35.0, 35.0, 35.0, 35.0, 34.0, 33.0, 32.0, 31.0, 31.0, 29.0, 29.0, 29.0, 28.0, 28.0, 28.0, 28.0, 28.0, 27.0, 27.0, 27.0, 26.0, 26.0, 25.0, 25.0, 25.0, 25.0, 25.0, 23.0, 23.0, 23.0, 23.0, 23.0, 23.0, 23.0, 23.0, 23.0, 23.0, 22.0, 22.0, 22.0, 22.0, 22.0, 22.0, 22.0, 21.0, 21.0, 21.0, 21.0, 21.0, 21.0, 21.0, 20.0, 20.0, 19.0, 19.0, 18.0, 18.0, 18.0, 18.0, 18.0, 18.0, 18.0, 18.0, 18.0, 18.0, 17.0, 17.0, 17.0, 16.0, 16.0, 16.0, 16.0, 16.0, 16.0, 16.0, 16.0, 16.0, 15.0, 15.0, 15.0, 15.0, 14.0, 14.0, 14.0, 14.0, 14.0, 14.0, 14.0, 14.0, 14.0, 14.0, 14.0, 14.0, 14.0, 14.0, 14.0, 13.0, 13.0, 13.0, 13.0, 13.0];
u9=[5627.0, 3647.0, 2589.0, 1699.0, 1322.0, 1068.0, 788.0, 524.0, 435.0, 390.0, 342.0, 314.0, 300.0, 300.0, 300.0, 300.0, 300.0, 300.0, 292.0, 286.0, 286.0, 286.0, 286.0, 286.0, 286.0, 275.0, 275.0, 275.0, 275.0, 275.0, 275.0, 275.0, 275.0, 275.0, 275.0, 275.0, 275.0, 275.0, 275.0, 275.0, 275.0, 275.0, 275.0, 275.0, 275.0, 275.0, 275.0, 275.0, 258.0, 257.0, 254.0, 233.0, 227.0, 214.0, 186.0, 170.0, 156.0, 143.0, 131.0, 119.0, 118.0, 113.0, 110.0, 103.0, 100.0, 95.0, 90.0, 84.0, 79.0, 77.0, 75.0, 73.0, 70.0, 62.0, 60.0, 57.0, 57.0, 54.0, 54.0, 53.0, 53.0, 51.0, 51.0, 50.0, 50.0, 49.0, 49.0, 48.0, 46.0, 46.0, 45.0, 44.0, 43.0, 43.0, 42.0, 42.0, 41.0, 39.0, 39.0, 39.0, 38.0, 37.0, 37.0, 36.0, 35.0, 34.0, 34.0, 34.0, 34.0, 33.0, 33.0, 33.0, 33.0, 31.0, 30.0, 30.0, 30.0, 30.0, 30.0, 30.0, 30.0, 30.0, 29.0, 29.0, 29.0, 29.0, 26.0, 26.0, 26.0, 26.0, 25.0, 24.0, 24.0, 24.0, 23.0, 23.0, 23.0, 23.0, 23.0, 22.0, 22.0, 22.0, 22.0, 21.0, 20.0, 20.0, 20.0, 20.0, 20.0, 20.0, 19.0, 19.0, 19.0, 19.0, 19.0, 19.0, 18.0, 18.0, 18.0, 18.0, 18.0, 18.0, 18.0, 18.0, 17.0, 17.0, 17.0, 17.0, 17.0, 17.0, 17.0, 17.0, 17.0, 17.0, 17.0, 16.0, 16.0, 16.0, 16.0, 16.0, 16.0, 15.0, 15.0, 15.0, 15.0, 14.0, 14.0, 14.0, 14.0, 14.0, 14.0, 14.0, 14.0, 13.0, 13.0, 13.0, 12.0, 12.0, 12.0];
u=[u0; u1; u2; u3; u4; u5; u6; u7; u8; u9; ];
vect=100*(1:length(u0));
taille = length(u0);
umean=zeros(taille,1);
uintervalleincertitude = zeros(taille,2);
for i = 1:taille;
			umean(i) = mean(u(:,i));
			nombredeVecteurs=length(u(:,1));
			uincertitude(i) = std(u(:,i))/sqrt(nombredeVecteurs);
			uintervalleincertitude(i,1) = umean(i) + uincertitude(i)*1.96;
			uintervalleincertitude(i,2) = umean(i) - uincertitude(i)*1.96;
			end;
plot(vect(taille/2:taille),uintervalleincertitude(taille/2:taille,:));
hold on;


%---------------------------------------------------------------------
%Benchmark :data/le450_25c.col
clear all;
figure;
title('data/le450_25c.col,  k =[1]'
xlabel('Nombre d iterations');
ylabel('Energie');
			%Constante k : 1.0



%Seed du coloriage : 2066140882
%Recuit Simulé Exponentiel avec k l'energie moyenne
%Nombre d'itération : 20000

u0=[10881.0, 6687.0, 4697.0, 3604.0, 2737.0, 2045.0, 1591.0, 1097.0, 934.0, 769.0, 707.0, 700.0, 700.0, 700.0, 700.0, 661.0, 661.0, 661.0, 661.0, 661.0, 661.0, 661.0, 661.0, 661.0, 661.0, 661.0, 661.0, 661.0, 661.0, 661.0, 661.0, 661.0, 661.0, 661.0, 661.0, 661.0, 661.0, 661.0, 661.0, 655.0, 655.0, 655.0, 651.0, 628.0, 623.0, 623.0, 606.0, 595.0, 595.0, 595.0, 568.0, 538.0, 490.0, 456.0, 434.0, 415.0, 385.0, 360.0, 348.0, 336.0, 316.0, 303.0, 293.0, 288.0, 281.0, 269.0, 265.0, 259.0, 256.0, 252.0, 246.0, 240.0, 236.0, 235.0, 231.0, 229.0, 223.0, 217.0, 213.0, 211.0, 207.0, 206.0, 202.0, 198.0, 193.0, 190.0, 188.0, 188.0, 186.0, 183.0, 181.0, 180.0, 177.0, 177.0, 176.0, 175.0, 173.0, 172.0, 171.0, 170.0, 169.0, 168.0, 168.0, 168.0, 165.0, 164.0, 164.0, 163.0, 163.0, 162.0, 162.0, 161.0, 161.0, 161.0, 161.0, 160.0, 159.0, 159.0, 158.0, 157.0, 157.0, 156.0, 156.0, 153.0, 153.0, 152.0, 152.0, 150.0, 150.0, 149.0, 149.0, 149.0, 148.0, 148.0, 147.0, 147.0, 146.0, 145.0, 144.0, 144.0, 143.0, 142.0, 141.0, 141.0, 141.0, 141.0, 140.0, 140.0, 140.0, 139.0, 139.0, 138.0, 137.0, 136.0, 135.0, 135.0, 135.0, 135.0, 134.0, 131.0, 131.0, 131.0, 130.0, 129.0, 129.0, 127.0, 126.0, 125.0, 123.0, 123.0, 123.0, 123.0, 123.0, 122.0, 122.0, 122.0, 122.0, 122.0, 120.0, 120.0, 120.0, 120.0, 118.0, 118.0, 118.0, 118.0, 117.0, 117.0, 117.0, 117.0, 116.0, 116.0, 116.0, 114.0, 114.0, 114.0, 113.0, 112.0, 110.0];
u1=[11824.0, 8053.0, 5580.0, 3885.0, 2895.0, 1988.0, 1471.0, 1103.0, 943.0, 859.0, 749.0, 698.0, 693.0, 685.0, 685.0, 680.0, 680.0, 680.0, 680.0, 680.0, 680.0, 680.0, 650.0, 650.0, 650.0, 650.0, 650.0, 650.0, 650.0, 650.0, 650.0, 650.0, 650.0, 650.0, 644.0, 644.0, 641.0, 641.0, 641.0, 641.0, 641.0, 641.0, 641.0, 641.0, 641.0, 641.0, 641.0, 641.0, 612.0, 608.0, 597.0, 560.0, 546.0, 508.0, 476.0, 435.0, 415.0, 400.0, 385.0, 364.0, 349.0, 337.0, 331.0, 317.0, 314.0, 309.0, 297.0, 287.0, 275.0, 269.0, 265.0, 259.0, 258.0, 249.0, 246.0, 242.0, 242.0, 234.0, 229.0, 227.0, 223.0, 221.0, 216.0, 215.0, 212.0, 211.0, 208.0, 207.0, 203.0, 201.0, 195.0, 195.0, 193.0, 189.0, 188.0, 187.0, 187.0, 186.0, 186.0, 183.0, 182.0, 182.0, 179.0, 178.0, 176.0, 173.0, 170.0, 169.0, 168.0, 167.0, 166.0, 166.0, 164.0, 163.0, 163.0, 163.0, 163.0, 162.0, 162.0, 161.0, 161.0, 160.0, 157.0, 156.0, 155.0, 152.0, 151.0, 151.0, 148.0, 148.0, 148.0, 147.0, 146.0, 145.0, 145.0, 143.0, 143.0, 143.0, 142.0, 142.0, 142.0, 141.0, 141.0, 140.0, 137.0, 137.0, 135.0, 135.0, 135.0, 135.0, 135.0, 135.0, 135.0, 134.0, 134.0, 133.0, 132.0, 132.0, 131.0, 131.0, 131.0, 130.0, 129.0, 129.0, 129.0, 128.0, 128.0, 128.0, 127.0, 127.0, 126.0, 126.0, 126.0, 125.0, 124.0, 124.0, 124.0, 124.0, 123.0, 123.0, 123.0, 122.0, 122.0, 121.0, 121.0, 121.0, 121.0, 121.0, 121.0, 120.0, 120.0, 120.0, 116.0, 116.0, 116.0, 115.0, 115.0, 115.0, 114.0];
u2=[11138.0, 7046.0, 4930.0, 3732.0, 2872.0, 1974.0, 1487.0, 1167.0, 1001.0, 923.0, 809.0, 777.0, 726.0, 698.0, 670.0, 667.0, 667.0, 667.0, 667.0, 667.0, 651.0, 649.0, 649.0, 649.0, 649.0, 649.0, 649.0, 649.0, 649.0, 649.0, 649.0, 649.0, 649.0, 642.0, 642.0, 642.0, 642.0, 642.0, 642.0, 642.0, 642.0, 642.0, 642.0, 642.0, 642.0, 642.0, 639.0, 624.0, 602.0, 594.0, 567.0, 527.0, 498.0, 463.0, 438.0, 421.0, 392.0, 380.0, 364.0, 347.0, 331.0, 320.0, 313.0, 304.0, 294.0, 285.0, 270.0, 266.0, 262.0, 253.0, 246.0, 245.0, 240.0, 237.0, 234.0, 231.0, 227.0, 222.0, 217.0, 214.0, 213.0, 211.0, 209.0, 206.0, 202.0, 201.0, 201.0, 201.0, 200.0, 194.0, 194.0, 193.0, 191.0, 190.0, 184.0, 180.0, 177.0, 176.0, 174.0, 173.0, 173.0, 172.0, 172.0, 172.0, 172.0, 171.0, 169.0, 169.0, 168.0, 167.0, 165.0, 165.0, 164.0, 164.0, 164.0, 163.0, 162.0, 160.0, 158.0, 158.0, 157.0, 155.0, 154.0, 153.0, 153.0, 152.0, 152.0, 152.0, 151.0, 151.0, 150.0, 149.0, 149.0, 149.0, 149.0, 148.0, 148.0, 148.0, 147.0, 147.0, 143.0, 141.0, 139.0, 139.0, 139.0, 136.0, 136.0, 136.0, 136.0, 133.0, 133.0, 132.0, 131.0, 131.0, 130.0, 130.0, 130.0, 129.0, 127.0, 127.0, 126.0, 125.0, 125.0, 125.0, 125.0, 125.0, 125.0, 125.0, 125.0, 125.0, 124.0, 124.0, 124.0, 123.0, 123.0, 123.0, 123.0, 123.0, 123.0, 123.0, 123.0, 122.0, 122.0, 121.0, 120.0, 119.0, 118.0, 117.0, 117.0, 117.0, 116.0, 116.0, 116.0, 116.0, 116.0, 115.0, 115.0, 115.0, 115.0];
u3=[11283.0, 7473.0, 4904.0, 3438.0, 2338.0, 1734.0, 1376.0, 1172.0, 982.0, 867.0, 792.0, 749.0, 749.0, 734.0, 688.0, 688.0, 688.0, 688.0, 688.0, 687.0, 687.0, 687.0, 687.0, 687.0, 687.0, 687.0, 687.0, 687.0, 687.0, 687.0, 687.0, 687.0, 687.0, 687.0, 677.0, 677.0, 661.0, 661.0, 661.0, 661.0, 661.0, 661.0, 661.0, 636.0, 636.0, 636.0, 636.0, 636.0, 610.0, 592.0, 583.0, 541.0, 501.0, 468.0, 440.0, 415.0, 393.0, 380.0, 361.0, 346.0, 334.0, 321.0, 310.0, 303.0, 295.0, 289.0, 280.0, 275.0, 271.0, 265.0, 256.0, 251.0, 247.0, 243.0, 239.0, 238.0, 235.0, 232.0, 229.0, 227.0, 221.0, 215.0, 213.0, 211.0, 208.0, 208.0, 203.0, 203.0, 202.0, 201.0, 199.0, 199.0, 199.0, 194.0, 192.0, 188.0, 185.0, 184.0, 182.0, 179.0, 178.0, 178.0, 177.0, 174.0, 170.0, 168.0, 168.0, 167.0, 166.0, 166.0, 162.0, 161.0, 160.0, 160.0, 160.0, 159.0, 157.0, 156.0, 154.0, 154.0, 154.0, 151.0, 150.0, 150.0, 149.0, 147.0, 147.0, 147.0, 147.0, 147.0, 146.0, 146.0, 144.0, 144.0, 142.0, 141.0, 140.0, 140.0, 139.0, 139.0, 139.0, 139.0, 137.0, 137.0, 136.0, 134.0, 133.0, 133.0, 133.0, 132.0, 130.0, 126.0, 126.0, 126.0, 124.0, 124.0, 123.0, 123.0, 123.0, 123.0, 123.0, 121.0, 120.0, 119.0, 118.0, 118.0, 118.0, 117.0, 117.0, 117.0, 117.0, 117.0, 117.0, 117.0, 117.0, 117.0, 115.0, 115.0, 115.0, 115.0, 113.0, 113.0, 113.0, 112.0, 111.0, 111.0, 111.0, 110.0, 110.0, 110.0, 110.0, 110.0, 109.0, 109.0, 108.0, 108.0, 108.0, 108.0, 108.0];
u4=[11346.0, 7426.0, 4834.0, 3327.0, 2369.0, 1647.0, 1392.0, 1132.0, 908.0, 809.0, 784.0, 732.0, 732.0, 732.0, 701.0, 688.0, 688.0, 680.0, 680.0, 680.0, 680.0, 672.0, 672.0, 672.0, 672.0, 672.0, 672.0, 672.0, 672.0, 672.0, 672.0, 660.0, 657.0, 657.0, 657.0, 648.0, 648.0, 648.0, 648.0, 648.0, 648.0, 648.0, 648.0, 648.0, 648.0, 643.0, 643.0, 643.0, 634.0, 617.0, 582.0, 544.0, 496.0, 470.0, 452.0, 436.0, 414.0, 401.0, 383.0, 368.0, 354.0, 345.0, 335.0, 328.0, 313.0, 302.0, 286.0, 282.0, 277.0, 272.0, 267.0, 265.0, 262.0, 254.0, 250.0, 248.0, 244.0, 241.0, 235.0, 227.0, 225.0, 222.0, 219.0, 209.0, 207.0, 204.0, 204.0, 198.0, 193.0, 191.0, 187.0, 187.0, 184.0, 183.0, 180.0, 179.0, 178.0, 177.0, 175.0, 173.0, 172.0, 170.0, 169.0, 168.0, 166.0, 165.0, 164.0, 164.0, 162.0, 159.0, 155.0, 152.0, 152.0, 151.0, 151.0, 151.0, 150.0, 150.0, 149.0, 149.0, 149.0, 148.0, 146.0, 146.0, 146.0, 146.0, 145.0, 145.0, 145.0, 143.0, 142.0, 142.0, 142.0, 142.0, 140.0, 139.0, 139.0, 137.0, 136.0, 136.0, 134.0, 134.0, 134.0, 133.0, 133.0, 132.0, 131.0, 129.0, 129.0, 127.0, 127.0, 127.0, 125.0, 125.0, 125.0, 123.0, 123.0, 122.0, 120.0, 120.0, 118.0, 118.0, 117.0, 117.0, 117.0, 116.0, 116.0, 115.0, 113.0, 113.0, 113.0, 113.0, 112.0, 112.0, 112.0, 112.0, 112.0, 111.0, 111.0, 109.0, 109.0, 109.0, 107.0, 107.0, 107.0, 106.0, 105.0, 104.0, 104.0, 103.0, 103.0, 103.0, 103.0, 103.0, 102.0, 102.0, 102.0, 102.0, 102.0];
u5=[10903.0, 6808.0, 4936.0, 3496.0, 2271.0, 1615.0, 1313.0, 1085.0, 920.0, 809.0, 761.0, 743.0, 685.0, 680.0, 680.0, 680.0, 680.0, 680.0, 680.0, 680.0, 680.0, 672.0, 660.0, 639.0, 639.0, 639.0, 639.0, 639.0, 639.0, 639.0, 639.0, 639.0, 639.0, 639.0, 639.0, 639.0, 639.0, 639.0, 639.0, 639.0, 626.0, 618.0, 617.0, 600.0, 600.0, 600.0, 600.0, 600.0, 592.0, 560.0, 543.0, 505.0, 492.0, 464.0, 444.0, 408.0, 380.0, 357.0, 350.0, 343.0, 331.0, 318.0, 310.0, 302.0, 291.0, 286.0, 283.0, 279.0, 272.0, 263.0, 256.0, 250.0, 245.0, 240.0, 238.0, 235.0, 231.0, 227.0, 223.0, 221.0, 217.0, 210.0, 210.0, 207.0, 202.0, 201.0, 194.0, 191.0, 190.0, 190.0, 189.0, 188.0, 186.0, 185.0, 182.0, 180.0, 176.0, 176.0, 175.0, 175.0, 174.0, 173.0, 169.0, 168.0, 168.0, 168.0, 167.0, 165.0, 165.0, 162.0, 162.0, 161.0, 160.0, 159.0, 157.0, 156.0, 156.0, 156.0, 156.0, 154.0, 153.0, 152.0, 151.0, 151.0, 148.0, 144.0, 144.0, 144.0, 143.0, 143.0, 143.0, 142.0, 142.0, 141.0, 140.0, 140.0, 140.0, 140.0, 139.0, 138.0, 137.0, 136.0, 134.0, 133.0, 131.0, 131.0, 131.0, 130.0, 130.0, 129.0, 129.0, 128.0, 128.0, 128.0, 128.0, 126.0, 125.0, 125.0, 124.0, 124.0, 124.0, 124.0, 124.0, 123.0, 121.0, 119.0, 117.0, 115.0, 115.0, 115.0, 115.0, 114.0, 113.0, 113.0, 112.0, 110.0, 109.0, 109.0, 107.0, 107.0, 107.0, 107.0, 107.0, 106.0, 104.0, 103.0, 102.0, 102.0, 102.0, 102.0, 102.0, 102.0, 102.0, 102.0, 102.0, 102.0, 102.0, 102.0, 102.0];
u6=[11285.0, 7793.0, 5323.0, 3694.0, 2643.0, 1952.0, 1428.0, 1151.0, 960.0, 859.0, 793.0, 764.0, 728.0, 728.0, 706.0, 698.0, 698.0, 698.0, 698.0, 679.0, 675.0, 675.0, 675.0, 675.0, 649.0, 632.0, 632.0, 632.0, 632.0, 632.0, 632.0, 632.0, 632.0, 632.0, 632.0, 620.0, 620.0, 620.0, 620.0, 620.0, 620.0, 620.0, 620.0, 620.0, 620.0, 620.0, 620.0, 620.0, 602.0, 587.0, 558.0, 531.0, 505.0, 468.0, 427.0, 413.0, 381.0, 360.0, 343.0, 321.0, 313.0, 306.0, 298.0, 290.0, 283.0, 278.0, 270.0, 264.0, 259.0, 255.0, 253.0, 247.0, 242.0, 241.0, 236.0, 233.0, 227.0, 224.0, 218.0, 217.0, 216.0, 210.0, 207.0, 202.0, 198.0, 195.0, 192.0, 189.0, 186.0, 185.0, 183.0, 179.0, 177.0, 175.0, 173.0, 165.0, 165.0, 165.0, 165.0, 161.0, 160.0, 159.0, 159.0, 159.0, 159.0, 157.0, 156.0, 155.0, 153.0, 151.0, 151.0, 151.0, 148.0, 147.0, 145.0, 143.0, 139.0, 137.0, 137.0, 137.0, 137.0, 137.0, 137.0, 136.0, 135.0, 135.0, 134.0, 134.0, 134.0, 129.0, 129.0, 129.0, 129.0, 128.0, 128.0, 127.0, 127.0, 125.0, 124.0, 123.0, 123.0, 122.0, 121.0, 121.0, 121.0, 121.0, 121.0, 121.0, 121.0, 121.0, 120.0, 120.0, 120.0, 120.0, 120.0, 120.0, 119.0, 119.0, 118.0, 117.0, 117.0, 116.0, 116.0, 116.0, 116.0, 115.0, 115.0, 115.0, 115.0, 114.0, 113.0, 113.0, 113.0, 113.0, 112.0, 111.0, 111.0, 111.0, 111.0, 110.0, 110.0, 110.0, 110.0, 110.0, 110.0, 109.0, 109.0, 109.0, 109.0, 108.0, 108.0, 107.0, 107.0, 107.0, 107.0, 106.0, 106.0, 106.0, 105.0];
u7=[11270.0, 7107.0, 4700.0, 3325.0, 2185.0, 1558.0, 1194.0, 1002.0, 859.0, 793.0, 697.0, 688.0, 688.0, 688.0, 688.0, 676.0, 676.0, 646.0, 646.0, 646.0, 646.0, 646.0, 646.0, 646.0, 646.0, 644.0, 644.0, 644.0, 634.0, 630.0, 630.0, 630.0, 630.0, 630.0, 630.0, 630.0, 630.0, 630.0, 630.0, 630.0, 630.0, 630.0, 630.0, 630.0, 630.0, 630.0, 630.0, 630.0, 630.0, 617.0, 599.0, 566.0, 535.0, 510.0, 478.0, 451.0, 425.0, 406.0, 388.0, 376.0, 354.0, 334.0, 324.0, 310.0, 303.0, 297.0, 293.0, 288.0, 272.0, 259.0, 255.0, 252.0, 248.0, 247.0, 243.0, 235.0, 227.0, 220.0, 219.0, 214.0, 212.0, 208.0, 205.0, 203.0, 200.0, 198.0, 198.0, 195.0, 195.0, 192.0, 192.0, 191.0, 187.0, 183.0, 183.0, 181.0, 180.0, 178.0, 177.0, 177.0, 175.0, 174.0, 173.0, 172.0, 170.0, 170.0, 170.0, 169.0, 169.0, 168.0, 166.0, 166.0, 165.0, 164.0, 164.0, 164.0, 163.0, 163.0, 162.0, 160.0, 158.0, 157.0, 156.0, 154.0, 154.0, 152.0, 151.0, 148.0, 145.0, 145.0, 145.0, 144.0, 144.0, 143.0, 143.0, 142.0, 142.0, 141.0, 140.0, 139.0, 139.0, 139.0, 139.0, 138.0, 138.0, 138.0, 138.0, 138.0, 138.0, 138.0, 138.0, 138.0, 138.0, 138.0, 138.0, 138.0, 138.0, 137.0, 137.0, 137.0, 137.0, 137.0, 137.0, 137.0, 136.0, 136.0, 136.0, 136.0, 135.0, 135.0, 135.0, 134.0, 133.0, 132.0, 132.0, 131.0, 130.0, 129.0, 127.0, 127.0, 127.0, 127.0, 127.0, 127.0, 127.0, 127.0, 127.0, 127.0, 126.0, 126.0, 126.0, 123.0, 122.0, 122.0, 122.0, 122.0, 122.0, 122.0, 122.0];
u8=[11229.0, 7169.0, 4988.0, 3047.0, 2451.0, 1986.0, 1379.0, 1153.0, 987.0, 902.0, 798.0, 758.0, 713.0, 704.0, 704.0, 689.0, 689.0, 685.0, 682.0, 658.0, 652.0, 652.0, 652.0, 652.0, 652.0, 652.0, 652.0, 652.0, 652.0, 652.0, 652.0, 652.0, 652.0, 652.0, 652.0, 652.0, 652.0, 652.0, 652.0, 652.0, 652.0, 652.0, 652.0, 652.0, 647.0, 647.0, 640.0, 625.0, 604.0, 598.0, 570.0, 544.0, 512.0, 503.0, 484.0, 454.0, 427.0, 402.0, 385.0, 368.0, 357.0, 341.0, 336.0, 320.0, 316.0, 303.0, 291.0, 284.0, 276.0, 273.0, 266.0, 257.0, 250.0, 245.0, 243.0, 235.0, 231.0, 230.0, 228.0, 225.0, 221.0, 217.0, 214.0, 210.0, 206.0, 204.0, 201.0, 196.0, 193.0, 188.0, 185.0, 183.0, 182.0, 177.0, 175.0, 174.0, 174.0, 174.0, 173.0, 170.0, 170.0, 168.0, 166.0, 164.0, 163.0, 161.0, 160.0, 157.0, 153.0, 152.0, 151.0, 149.0, 145.0, 143.0, 143.0, 143.0, 140.0, 140.0, 139.0, 138.0, 138.0, 137.0, 136.0, 135.0, 135.0, 135.0, 135.0, 135.0, 134.0, 133.0, 132.0, 132.0, 132.0, 132.0, 132.0, 131.0, 129.0, 129.0, 129.0, 128.0, 128.0, 128.0, 128.0, 128.0, 128.0, 128.0, 126.0, 126.0, 124.0, 124.0, 123.0, 123.0, 123.0, 123.0, 122.0, 122.0, 122.0, 120.0, 120.0, 120.0, 120.0, 120.0, 119.0, 118.0, 118.0, 118.0, 118.0, 117.0, 117.0, 116.0, 116.0, 116.0, 116.0, 113.0, 112.0, 112.0, 112.0, 110.0, 109.0, 108.0, 105.0, 105.0, 104.0, 104.0, 104.0, 104.0, 104.0, 104.0, 104.0, 104.0, 103.0, 103.0, 103.0, 103.0, 103.0, 103.0, 101.0, 101.0, 101.0];
u9=[11474.0, 7213.0, 4828.0, 3177.0, 2162.0, 1429.0, 1239.0, 1007.0, 912.0, 829.0, 822.0, 745.0, 737.0, 737.0, 737.0, 729.0, 685.0, 664.0, 664.0, 664.0, 664.0, 664.0, 664.0, 664.0, 650.0, 650.0, 650.0, 650.0, 650.0, 650.0, 650.0, 650.0, 650.0, 650.0, 650.0, 650.0, 650.0, 650.0, 648.0, 639.0, 639.0, 639.0, 639.0, 639.0, 639.0, 639.0, 613.0, 611.0, 599.0, 569.0, 529.0, 508.0, 471.0, 450.0, 435.0, 412.0, 396.0, 380.0, 363.0, 356.0, 341.0, 322.0, 311.0, 301.0, 295.0, 287.0, 283.0, 275.0, 271.0, 266.0, 263.0, 260.0, 256.0, 251.0, 249.0, 244.0, 243.0, 240.0, 238.0, 235.0, 230.0, 227.0, 221.0, 218.0, 214.0, 212.0, 209.0, 206.0, 206.0, 205.0, 204.0, 201.0, 199.0, 199.0, 198.0, 197.0, 196.0, 194.0, 193.0, 187.0, 185.0, 184.0, 180.0, 179.0, 178.0, 177.0, 175.0, 174.0, 172.0, 172.0, 172.0, 172.0, 171.0, 171.0, 169.0, 169.0, 167.0, 165.0, 164.0, 163.0, 162.0, 160.0, 159.0, 159.0, 159.0, 157.0, 155.0, 155.0, 153.0, 152.0, 152.0, 151.0, 150.0, 150.0, 150.0, 150.0, 147.0, 144.0, 143.0, 143.0, 141.0, 141.0, 140.0, 138.0, 138.0, 138.0, 137.0, 137.0, 135.0, 134.0, 133.0, 133.0, 133.0, 133.0, 132.0, 132.0, 132.0, 132.0, 131.0, 131.0, 131.0, 131.0, 128.0, 128.0, 127.0, 127.0, 127.0, 126.0, 125.0, 123.0, 123.0, 123.0, 123.0, 123.0, 122.0, 121.0, 121.0, 121.0, 121.0, 121.0, 121.0, 121.0, 121.0, 121.0, 121.0, 121.0, 121.0, 121.0, 120.0, 119.0, 119.0, 118.0, 118.0, 118.0, 118.0, 116.0, 116.0, 116.0, 116.0];
u=[u0; u1; u2; u3; u4; u5; u6; u7; u8; u9; ];
vect=100*(1:length(u0));
taille = length(u0);
umean=zeros(taille,1);
uintervalleincertitude = zeros(taille,2);
for i = 1:taille;
			umean(i) = mean(u(:,i));
			nombredeVecteurs=length(u(:,1));
			uincertitude(i) = std(u(:,i))/sqrt(nombredeVecteurs);
			uintervalleincertitude(i,1) = umean(i) + uincertitude(i)*1.96;
			uintervalleincertitude(i,2) = umean(i) - uincertitude(i)*1.96;
			end;
plot(vect(taille/2:taille),uintervalleincertitude(taille/2:taille,:));
hold on;


%---------------------------------------------------------------------
%Benchmark :data/le450_25d.col
clear all;
figure;
title('data/le450_25d.col,  k =[1]'
xlabel('Nombre d iterations');
ylabel('Energie');
			%Constante k : 1.0



%Seed du coloriage : 56237696
%Recuit Simulé Exponentiel avec k l'energie moyenne
%Nombre d'itération : 20000

u0=[11022.0, 7015.0, 4528.0, 2985.0, 2177.0, 1716.0, 1427.0, 1198.0, 989.0, 921.0, 869.0, 828.0, 796.0, 780.0, 745.0, 668.0, 668.0, 651.0, 651.0, 651.0, 651.0, 651.0, 651.0, 651.0, 647.0, 646.0, 646.0, 646.0, 646.0, 646.0, 646.0, 646.0, 646.0, 646.0, 646.0, 646.0, 646.0, 646.0, 646.0, 646.0, 620.0, 617.0, 617.0, 617.0, 617.0, 617.0, 604.0, 598.0, 589.0, 580.0, 546.0, 511.0, 485.0, 456.0, 435.0, 417.0, 388.0, 378.0, 373.0, 352.0, 337.0, 326.0, 313.0, 303.0, 299.0, 288.0, 276.0, 269.0, 266.0, 259.0, 256.0, 253.0, 247.0, 242.0, 241.0, 236.0, 235.0, 232.0, 226.0, 223.0, 220.0, 213.0, 211.0, 206.0, 203.0, 203.0, 202.0, 198.0, 190.0, 186.0, 183.0, 182.0, 176.0, 176.0, 176.0, 174.0, 173.0, 173.0, 172.0, 169.0, 169.0, 167.0, 166.0, 165.0, 164.0, 163.0, 162.0, 161.0, 157.0, 157.0, 156.0, 156.0, 156.0, 154.0, 154.0, 153.0, 152.0, 152.0, 151.0, 150.0, 149.0, 149.0, 149.0, 148.0, 148.0, 147.0, 147.0, 147.0, 147.0, 145.0, 145.0, 145.0, 145.0, 143.0, 140.0, 138.0, 138.0, 137.0, 135.0, 134.0, 134.0, 134.0, 134.0, 134.0, 134.0, 134.0, 134.0, 134.0, 133.0, 133.0, 132.0, 132.0, 131.0, 131.0, 128.0, 128.0, 126.0, 126.0, 125.0, 123.0, 123.0, 123.0, 122.0, 121.0, 120.0, 120.0, 119.0, 119.0, 118.0, 118.0, 118.0, 118.0, 118.0, 118.0, 118.0, 117.0, 117.0, 116.0, 115.0, 115.0, 114.0, 114.0, 114.0, 114.0, 113.0, 113.0, 113.0, 113.0, 112.0, 112.0, 112.0, 112.0, 111.0, 111.0, 111.0, 111.0, 111.0, 109.0, 109.0];
u1=[10970.0, 6857.0, 4779.0, 3376.0, 2354.0, 1752.0, 1244.0, 948.0, 817.0, 748.0, 697.0, 685.0, 685.0, 642.0, 638.0, 638.0, 638.0, 638.0, 638.0, 638.0, 638.0, 638.0, 638.0, 638.0, 638.0, 638.0, 638.0, 638.0, 638.0, 638.0, 638.0, 638.0, 638.0, 638.0, 632.0, 632.0, 632.0, 632.0, 632.0, 632.0, 632.0, 632.0, 632.0, 632.0, 632.0, 632.0, 632.0, 632.0, 603.0, 599.0, 586.0, 569.0, 533.0, 518.0, 483.0, 447.0, 418.0, 389.0, 374.0, 352.0, 335.0, 326.0, 318.0, 311.0, 302.0, 296.0, 291.0, 285.0, 279.0, 271.0, 261.0, 255.0, 252.0, 251.0, 248.0, 247.0, 245.0, 243.0, 239.0, 237.0, 235.0, 232.0, 228.0, 225.0, 221.0, 221.0, 215.0, 213.0, 210.0, 204.0, 203.0, 200.0, 199.0, 198.0, 196.0, 194.0, 194.0, 193.0, 193.0, 187.0, 185.0, 185.0, 184.0, 183.0, 182.0, 182.0, 181.0, 179.0, 179.0, 179.0, 178.0, 177.0, 176.0, 174.0, 173.0, 171.0, 169.0, 169.0, 168.0, 166.0, 164.0, 162.0, 162.0, 161.0, 159.0, 159.0, 158.0, 157.0, 157.0, 155.0, 154.0, 153.0, 151.0, 151.0, 148.0, 148.0, 146.0, 145.0, 145.0, 144.0, 144.0, 144.0, 144.0, 143.0, 142.0, 141.0, 141.0, 141.0, 141.0, 137.0, 135.0, 133.0, 130.0, 129.0, 128.0, 128.0, 128.0, 127.0, 127.0, 125.0, 124.0, 124.0, 122.0, 121.0, 121.0, 120.0, 119.0, 118.0, 118.0, 118.0, 118.0, 117.0, 116.0, 116.0, 116.0, 116.0, 115.0, 115.0, 115.0, 114.0, 112.0, 111.0, 111.0, 111.0, 110.0, 110.0, 110.0, 109.0, 108.0, 108.0, 108.0, 107.0, 107.0, 107.0, 107.0, 107.0, 107.0, 107.0, 107.0];
u2=[11491.0, 7130.0, 5076.0, 3601.0, 2587.0, 1771.0, 1396.0, 1200.0, 977.0, 902.0, 822.0, 822.0, 772.0, 755.0, 729.0, 729.0, 686.0, 686.0, 659.0, 659.0, 659.0, 659.0, 659.0, 659.0, 659.0, 659.0, 659.0, 659.0, 659.0, 659.0, 659.0, 659.0, 659.0, 659.0, 659.0, 659.0, 659.0, 659.0, 659.0, 659.0, 659.0, 659.0, 659.0, 659.0, 654.0, 654.0, 654.0, 654.0, 654.0, 634.0, 595.0, 568.0, 530.0, 500.0, 479.0, 447.0, 423.0, 397.0, 380.0, 365.0, 340.0, 320.0, 308.0, 303.0, 296.0, 285.0, 278.0, 270.0, 268.0, 256.0, 254.0, 247.0, 239.0, 233.0, 230.0, 226.0, 224.0, 222.0, 220.0, 217.0, 215.0, 211.0, 211.0, 211.0, 207.0, 207.0, 204.0, 203.0, 202.0, 201.0, 199.0, 198.0, 195.0, 192.0, 192.0, 188.0, 187.0, 185.0, 183.0, 183.0, 178.0, 176.0, 171.0, 170.0, 170.0, 169.0, 169.0, 169.0, 167.0, 167.0, 165.0, 163.0, 163.0, 162.0, 161.0, 159.0, 159.0, 157.0, 156.0, 156.0, 156.0, 153.0, 152.0, 152.0, 150.0, 149.0, 149.0, 149.0, 148.0, 147.0, 146.0, 146.0, 145.0, 145.0, 143.0, 139.0, 138.0, 136.0, 136.0, 136.0, 136.0, 136.0, 136.0, 135.0, 135.0, 135.0, 135.0, 133.0, 132.0, 131.0, 131.0, 131.0, 130.0, 130.0, 129.0, 129.0, 128.0, 127.0, 127.0, 126.0, 123.0, 122.0, 121.0, 121.0, 118.0, 118.0, 117.0, 117.0, 116.0, 116.0, 116.0, 116.0, 115.0, 113.0, 113.0, 113.0, 113.0, 113.0, 112.0, 111.0, 111.0, 111.0, 111.0, 110.0, 110.0, 108.0, 108.0, 108.0, 108.0, 108.0, 108.0, 108.0, 108.0, 108.0, 108.0, 107.0, 107.0, 105.0, 105.0];
u3=[10952.0, 7360.0, 4590.0, 3356.0, 2222.0, 1658.0, 1312.0, 1149.0, 1036.0, 1023.0, 890.0, 834.0, 809.0, 731.0, 680.0, 680.0, 680.0, 680.0, 680.0, 680.0, 680.0, 680.0, 680.0, 680.0, 674.0, 664.0, 661.0, 655.0, 651.0, 651.0, 651.0, 651.0, 651.0, 651.0, 651.0, 651.0, 649.0, 649.0, 649.0, 649.0, 649.0, 649.0, 649.0, 649.0, 649.0, 649.0, 649.0, 646.0, 609.0, 574.0, 560.0, 529.0, 501.0, 474.0, 449.0, 430.0, 407.0, 389.0, 372.0, 347.0, 334.0, 320.0, 314.0, 306.0, 297.0, 288.0, 280.0, 276.0, 268.0, 261.0, 259.0, 258.0, 252.0, 247.0, 244.0, 241.0, 232.0, 230.0, 228.0, 223.0, 219.0, 216.0, 213.0, 205.0, 205.0, 204.0, 201.0, 199.0, 195.0, 192.0, 190.0, 187.0, 186.0, 184.0, 181.0, 180.0, 178.0, 177.0, 175.0, 174.0, 173.0, 172.0, 171.0, 170.0, 170.0, 166.0, 165.0, 163.0, 163.0, 161.0, 160.0, 156.0, 153.0, 153.0, 153.0, 150.0, 148.0, 148.0, 148.0, 148.0, 148.0, 147.0, 145.0, 144.0, 142.0, 142.0, 140.0, 140.0, 139.0, 138.0, 138.0, 138.0, 137.0, 136.0, 136.0, 136.0, 136.0, 135.0, 135.0, 135.0, 135.0, 133.0, 133.0, 133.0, 133.0, 133.0, 132.0, 132.0, 128.0, 127.0, 126.0, 125.0, 125.0, 124.0, 124.0, 124.0, 123.0, 122.0, 122.0, 122.0, 122.0, 122.0, 122.0, 122.0, 121.0, 121.0, 119.0, 119.0, 118.0, 117.0, 117.0, 117.0, 117.0, 117.0, 117.0, 117.0, 116.0, 116.0, 116.0, 116.0, 115.0, 115.0, 115.0, 115.0, 115.0, 115.0, 114.0, 113.0, 113.0, 113.0, 113.0, 113.0, 113.0, 111.0, 111.0, 110.0, 109.0, 109.0, 108.0];
u4=[11530.0, 7060.0, 4704.0, 3300.0, 2238.0, 1825.0, 1431.0, 1157.0, 945.0, 879.0, 816.0, 759.0, 696.0, 672.0, 669.0, 669.0, 669.0, 665.0, 665.0, 665.0, 665.0, 665.0, 665.0, 665.0, 665.0, 665.0, 665.0, 665.0, 665.0, 665.0, 665.0, 665.0, 665.0, 665.0, 665.0, 665.0, 653.0, 653.0, 653.0, 653.0, 630.0, 630.0, 630.0, 625.0, 616.0, 616.0, 612.0, 612.0, 612.0, 608.0, 573.0, 523.0, 492.0, 467.0, 436.0, 403.0, 382.0, 369.0, 348.0, 343.0, 329.0, 320.0, 312.0, 297.0, 288.0, 280.0, 272.0, 266.0, 258.0, 255.0, 253.0, 251.0, 246.0, 242.0, 241.0, 238.0, 233.0, 228.0, 225.0, 219.0, 216.0, 211.0, 210.0, 207.0, 206.0, 204.0, 200.0, 199.0, 196.0, 195.0, 191.0, 189.0, 188.0, 187.0, 184.0, 179.0, 177.0, 176.0, 175.0, 172.0, 171.0, 168.0, 166.0, 165.0, 165.0, 165.0, 165.0, 165.0, 163.0, 162.0, 159.0, 158.0, 158.0, 158.0, 157.0, 156.0, 155.0, 154.0, 153.0, 150.0, 150.0, 150.0, 150.0, 150.0, 149.0, 149.0, 148.0, 147.0, 147.0, 146.0, 146.0, 143.0, 143.0, 140.0, 140.0, 139.0, 139.0, 138.0, 138.0, 137.0, 136.0, 136.0, 135.0, 135.0, 135.0, 135.0, 134.0, 133.0, 133.0, 132.0, 132.0, 131.0, 131.0, 131.0, 131.0, 131.0, 131.0, 131.0, 131.0, 130.0, 130.0, 130.0, 128.0, 128.0, 128.0, 128.0, 127.0, 126.0, 126.0, 126.0, 125.0, 123.0, 123.0, 122.0, 122.0, 122.0, 122.0, 122.0, 122.0, 122.0, 122.0, 121.0, 121.0, 121.0, 119.0, 119.0, 119.0, 119.0, 119.0, 119.0, 119.0, 119.0, 119.0, 119.0, 118.0, 116.0, 116.0, 116.0, 115.0];
u5=[10912.0, 7393.0, 4900.0, 3324.0, 2303.0, 1765.0, 1348.0, 1126.0, 948.0, 825.0, 763.0, 742.0, 703.0, 685.0, 659.0, 659.0, 659.0, 659.0, 659.0, 659.0, 659.0, 659.0, 659.0, 659.0, 659.0, 659.0, 659.0, 659.0, 659.0, 659.0, 659.0, 659.0, 659.0, 659.0, 659.0, 659.0, 659.0, 659.0, 659.0, 653.0, 653.0, 653.0, 653.0, 653.0, 653.0, 653.0, 653.0, 641.0, 637.0, 624.0, 595.0, 575.0, 532.0, 503.0, 477.0, 437.0, 412.0, 386.0, 375.0, 351.0, 336.0, 326.0, 316.0, 312.0, 304.0, 297.0, 288.0, 283.0, 275.0, 271.0, 266.0, 258.0, 251.0, 245.0, 242.0, 234.0, 232.0, 226.0, 221.0, 219.0, 216.0, 214.0, 212.0, 209.0, 205.0, 204.0, 204.0, 202.0, 199.0, 195.0, 191.0, 188.0, 187.0, 187.0, 184.0, 182.0, 180.0, 178.0, 178.0, 175.0, 171.0, 171.0, 169.0, 169.0, 167.0, 165.0, 162.0, 161.0, 159.0, 157.0, 157.0, 156.0, 153.0, 147.0, 147.0, 143.0, 142.0, 141.0, 141.0, 140.0, 138.0, 136.0, 136.0, 136.0, 136.0, 133.0, 131.0, 131.0, 131.0, 128.0, 128.0, 128.0, 127.0, 126.0, 126.0, 124.0, 124.0, 123.0, 123.0, 120.0, 119.0, 119.0, 119.0, 119.0, 117.0, 117.0, 117.0, 117.0, 117.0, 117.0, 117.0, 116.0, 115.0, 115.0, 115.0, 115.0, 115.0, 115.0, 115.0, 115.0, 114.0, 114.0, 113.0, 112.0, 112.0, 112.0, 112.0, 110.0, 110.0, 110.0, 110.0, 109.0, 109.0, 108.0, 108.0, 108.0, 108.0, 108.0, 107.0, 105.0, 105.0, 105.0, 105.0, 105.0, 105.0, 105.0, 105.0, 105.0, 105.0, 105.0, 105.0, 103.0, 102.0, 101.0, 99.0, 98.0, 98.0, 98.0, 98.0];
u6=[10844.0, 6986.0, 4902.0, 3468.0, 2543.0, 1816.0, 1358.0, 1119.0, 908.0, 873.0, 828.0, 782.0, 757.0, 707.0, 707.0, 707.0, 707.0, 707.0, 704.0, 671.0, 671.0, 665.0, 647.0, 647.0, 647.0, 647.0, 647.0, 647.0, 647.0, 647.0, 647.0, 647.0, 647.0, 647.0, 647.0, 647.0, 647.0, 647.0, 647.0, 647.0, 647.0, 647.0, 643.0, 643.0, 643.0, 643.0, 625.0, 617.0, 616.0, 570.0, 531.0, 513.0, 487.0, 457.0, 436.0, 410.0, 387.0, 363.0, 353.0, 334.0, 321.0, 312.0, 302.0, 291.0, 282.0, 274.0, 260.0, 259.0, 257.0, 255.0, 249.0, 244.0, 238.0, 235.0, 232.0, 230.0, 225.0, 223.0, 220.0, 218.0, 214.0, 206.0, 203.0, 200.0, 196.0, 195.0, 192.0, 188.0, 186.0, 184.0, 184.0, 184.0, 182.0, 180.0, 175.0, 171.0, 169.0, 166.0, 166.0, 163.0, 161.0, 160.0, 160.0, 158.0, 157.0, 156.0, 156.0, 156.0, 154.0, 154.0, 154.0, 154.0, 153.0, 152.0, 152.0, 151.0, 150.0, 150.0, 149.0, 149.0, 149.0, 149.0, 149.0, 149.0, 148.0, 148.0, 146.0, 146.0, 146.0, 146.0, 145.0, 145.0, 145.0, 145.0, 144.0, 143.0, 142.0, 141.0, 140.0, 139.0, 138.0, 138.0, 135.0, 134.0, 132.0, 132.0, 131.0, 131.0, 130.0, 130.0, 129.0, 128.0, 127.0, 127.0, 127.0, 126.0, 126.0, 126.0, 125.0, 125.0, 125.0, 125.0, 125.0, 124.0, 124.0, 124.0, 124.0, 124.0, 124.0, 123.0, 123.0, 123.0, 123.0, 123.0, 123.0, 122.0, 121.0, 120.0, 120.0, 119.0, 119.0, 119.0, 119.0, 119.0, 119.0, 119.0, 119.0, 119.0, 119.0, 119.0, 119.0, 119.0, 118.0, 118.0, 118.0, 118.0, 118.0, 118.0, 117.0];
u7=[11393.0, 7642.0, 5026.0, 3110.0, 2364.0, 1728.0, 1425.0, 1084.0, 916.0, 908.0, 839.0, 813.0, 718.0, 683.0, 683.0, 683.0, 683.0, 683.0, 683.0, 683.0, 683.0, 683.0, 683.0, 683.0, 683.0, 683.0, 683.0, 661.0, 661.0, 661.0, 661.0, 661.0, 661.0, 661.0, 661.0, 661.0, 661.0, 661.0, 661.0, 661.0, 661.0, 661.0, 661.0, 661.0, 661.0, 641.0, 623.0, 623.0, 623.0, 618.0, 599.0, 586.0, 551.0, 525.0, 486.0, 456.0, 429.0, 407.0, 384.0, 368.0, 356.0, 345.0, 336.0, 319.0, 310.0, 302.0, 292.0, 286.0, 283.0, 275.0, 269.0, 264.0, 257.0, 249.0, 243.0, 235.0, 229.0, 225.0, 223.0, 219.0, 215.0, 213.0, 209.0, 208.0, 207.0, 207.0, 206.0, 205.0, 199.0, 196.0, 193.0, 193.0, 191.0, 188.0, 185.0, 185.0, 185.0, 182.0, 181.0, 179.0, 177.0, 176.0, 171.0, 166.0, 166.0, 164.0, 162.0, 162.0, 160.0, 160.0, 160.0, 159.0, 159.0, 157.0, 157.0, 156.0, 156.0, 155.0, 153.0, 153.0, 152.0, 151.0, 150.0, 150.0, 150.0, 149.0, 149.0, 147.0, 146.0, 144.0, 144.0, 143.0, 142.0, 141.0, 140.0, 140.0, 140.0, 139.0, 139.0, 138.0, 138.0, 137.0, 137.0, 137.0, 135.0, 134.0, 134.0, 134.0, 134.0, 134.0, 134.0, 132.0, 132.0, 132.0, 132.0, 132.0, 132.0, 132.0, 131.0, 131.0, 131.0, 131.0, 129.0, 129.0, 128.0, 126.0, 126.0, 124.0, 122.0, 122.0, 122.0, 122.0, 122.0, 122.0, 121.0, 121.0, 121.0, 121.0, 120.0, 120.0, 119.0, 119.0, 119.0, 118.0, 118.0, 117.0, 117.0, 117.0, 116.0, 116.0, 116.0, 116.0, 116.0, 116.0, 116.0, 116.0, 114.0, 114.0, 112.0];
u8=[11348.0, 7253.0, 4719.0, 3350.0, 2581.0, 1967.0, 1489.0, 1195.0, 1087.0, 948.0, 855.0, 808.0, 782.0, 735.0, 710.0, 710.0, 710.0, 688.0, 672.0, 667.0, 667.0, 667.0, 667.0, 667.0, 667.0, 667.0, 667.0, 667.0, 667.0, 647.0, 647.0, 647.0, 647.0, 647.0, 647.0, 647.0, 647.0, 647.0, 647.0, 647.0, 640.0, 640.0, 640.0, 640.0, 640.0, 640.0, 634.0, 626.0, 622.0, 614.0, 573.0, 560.0, 526.0, 482.0, 449.0, 428.0, 395.0, 376.0, 353.0, 340.0, 322.0, 316.0, 305.0, 299.0, 291.0, 287.0, 283.0, 278.0, 270.0, 266.0, 257.0, 255.0, 252.0, 245.0, 242.0, 239.0, 236.0, 236.0, 227.0, 220.0, 216.0, 214.0, 210.0, 207.0, 205.0, 203.0, 198.0, 196.0, 191.0, 191.0, 188.0, 183.0, 180.0, 177.0, 175.0, 175.0, 174.0, 173.0, 173.0, 167.0, 166.0, 165.0, 164.0, 163.0, 162.0, 161.0, 161.0, 160.0, 160.0, 159.0, 158.0, 158.0, 157.0, 157.0, 156.0, 155.0, 155.0, 154.0, 153.0, 150.0, 149.0, 147.0, 145.0, 144.0, 144.0, 144.0, 142.0, 142.0, 141.0, 141.0, 140.0, 140.0, 140.0, 139.0, 137.0, 137.0, 137.0, 137.0, 136.0, 136.0, 136.0, 134.0, 134.0, 134.0, 134.0, 134.0, 132.0, 132.0, 132.0, 132.0, 132.0, 132.0, 132.0, 132.0, 132.0, 131.0, 131.0, 131.0, 131.0, 129.0, 129.0, 129.0, 128.0, 128.0, 128.0, 127.0, 127.0, 127.0, 127.0, 127.0, 127.0, 126.0, 126.0, 124.0, 123.0, 122.0, 121.0, 121.0, 119.0, 119.0, 118.0, 117.0, 116.0, 115.0, 113.0, 113.0, 113.0, 112.0, 112.0, 111.0, 111.0, 111.0, 110.0, 110.0, 110.0, 110.0, 110.0, 109.0, 109.0];
u9=[11504.0, 7125.0, 4660.0, 3162.0, 2157.0, 1515.0, 1227.0, 978.0, 885.0, 798.0, 785.0, 728.0, 701.0, 701.0, 701.0, 701.0, 689.0, 673.0, 673.0, 673.0, 644.0, 644.0, 644.0, 644.0, 644.0, 644.0, 644.0, 644.0, 644.0, 644.0, 644.0, 644.0, 644.0, 644.0, 644.0, 644.0, 644.0, 644.0, 644.0, 629.0, 629.0, 629.0, 629.0, 629.0, 629.0, 629.0, 629.0, 629.0, 629.0, 617.0, 613.0, 574.0, 546.0, 514.0, 492.0, 451.0, 433.0, 403.0, 386.0, 376.0, 364.0, 346.0, 340.0, 329.0, 322.0, 310.0, 291.0, 285.0, 277.0, 267.0, 265.0, 262.0, 259.0, 253.0, 250.0, 243.0, 240.0, 237.0, 230.0, 226.0, 222.0, 217.0, 216.0, 215.0, 209.0, 208.0, 208.0, 203.0, 199.0, 198.0, 193.0, 193.0, 193.0, 193.0, 191.0, 190.0, 190.0, 190.0, 187.0, 187.0, 187.0, 183.0, 181.0, 180.0, 179.0, 177.0, 176.0, 175.0, 174.0, 173.0, 172.0, 170.0, 168.0, 167.0, 164.0, 163.0, 161.0, 161.0, 161.0, 160.0, 159.0, 159.0, 159.0, 159.0, 159.0, 158.0, 155.0, 155.0, 155.0, 153.0, 152.0, 152.0, 151.0, 150.0, 149.0, 147.0, 146.0, 143.0, 143.0, 142.0, 142.0, 142.0, 142.0, 139.0, 138.0, 138.0, 136.0, 135.0, 135.0, 135.0, 134.0, 134.0, 134.0, 134.0, 133.0, 133.0, 131.0, 131.0, 131.0, 130.0, 130.0, 130.0, 128.0, 126.0, 125.0, 124.0, 124.0, 122.0, 122.0, 121.0, 121.0, 119.0, 118.0, 116.0, 116.0, 116.0, 116.0, 116.0, 116.0, 114.0, 113.0, 112.0, 111.0, 111.0, 110.0, 110.0, 110.0, 109.0, 108.0, 108.0, 108.0, 108.0, 108.0, 108.0, 108.0, 107.0, 107.0, 107.0, 106.0];
u=[u0; u1; u2; u3; u4; u5; u6; u7; u8; u9; ];
vect=100*(1:length(u0));
taille = length(u0);
umean=zeros(taille,1);
uintervalleincertitude = zeros(taille,2);
for i = 1:taille;
			umean(i) = mean(u(:,i));
			nombredeVecteurs=length(u(:,1));
			uincertitude(i) = std(u(:,i))/sqrt(nombredeVecteurs);
			uintervalleincertitude(i,1) = umean(i) + uincertitude(i)*1.96;
			uintervalleincertitude(i,2) = umean(i) - uincertitude(i)*1.96;
			end;
plot(vect(taille/2:taille),uintervalleincertitude(taille/2:taille,:));
hold on;
