%Sortie Graphique : 
%Taille Echantillon : 10
%Echantillonnage : 200
%Température de départ : 7000.0
%Température de fin : 0.0


%---------------------------------------------------------------------
%Benchmark :data/le450_25a.col
clear all;
figure;
title('data/le450_25a.col,  k =[1]'
xlabel('Nombre d iterations');
ylabel('Energie');

%Constante k : 1.0


%Seed du coloriage : -1413921217
%Recuit Simulé Linéaire
%Nombre d'itération : 99985

u0=[3916.0, 1750.0, 840.0, 504.0, 368.0, 339.0, 322.0, 297.0, 293.0, 293.0, 293.0, 293.0, 293.0, 293.0, 293.0, 293.0, 293.0, 293.0, 293.0, 293.0, 293.0, 293.0, 293.0, 293.0, 293.0, 292.0, 292.0, 292.0, 282.0, 282.0, 282.0, 282.0, 282.0, 282.0, 282.0, 282.0, 282.0, 282.0, 282.0, 282.0, 282.0, 282.0, 282.0, 282.0, 282.0, 282.0, 282.0, 282.0, 282.0, 282.0, 282.0, 282.0, 282.0, 282.0, 282.0, 282.0, 282.0, 282.0, 282.0, 282.0, 282.0, 282.0, 282.0, 282.0, 282.0, 282.0, 282.0, 282.0, 282.0, 282.0, 282.0, 282.0, 282.0, 282.0, 282.0, 282.0, 282.0, 282.0, 282.0, 282.0, 282.0, 282.0, 282.0, 282.0, 282.0, 282.0, 282.0, 282.0, 282.0, 282.0, 282.0, 282.0, 282.0, 279.0, 279.0, 279.0, 279.0, 279.0, 279.0, 279.0, 279.0, 279.0, 279.0, 279.0, 279.0, 279.0, 279.0, 279.0, 279.0, 279.0, 279.0, 279.0, 279.0, 279.0, 279.0, 279.0, 279.0, 279.0, 279.0, 279.0, 279.0, 279.0, 279.0, 279.0, 279.0, 279.0, 279.0, 279.0, 279.0, 279.0, 279.0, 279.0, 279.0, 279.0, 279.0, 279.0, 279.0, 279.0, 279.0, 279.0, 279.0, 279.0, 279.0, 279.0, 279.0, 279.0, 279.0, 279.0, 279.0, 279.0, 279.0, 279.0, 279.0, 279.0, 279.0, 279.0, 279.0, 279.0, 279.0, 279.0, 279.0, 279.0, 279.0, 279.0, 279.0, 279.0, 279.0, 279.0, 279.0, 279.0, 279.0, 279.0, 279.0, 279.0, 279.0, 279.0, 279.0, 279.0, 279.0, 279.0, 279.0, 279.0, 279.0, 279.0, 279.0, 279.0, 279.0, 279.0, 279.0, 279.0, 279.0, 279.0, 279.0, 279.0, 279.0, 279.0, 279.0, 279.0, 279.0, 279.0, 279.0, 279.0, 279.0, 279.0, 279.0, 279.0, 279.0, 279.0, 279.0, 279.0, 279.0, 279.0, 279.0, 279.0, 279.0, 279.0, 279.0, 279.0, 279.0, 279.0, 279.0, 279.0, 279.0, 279.0, 279.0, 279.0, 279.0, 279.0, 279.0, 279.0, 279.0, 279.0, 279.0, 279.0, 279.0, 279.0, 279.0, 279.0, 279.0, 279.0, 279.0, 279.0, 279.0, 279.0, 279.0, 279.0, 279.0, 279.0, 279.0, 279.0, 279.0, 279.0, 279.0, 279.0, 279.0, 279.0, 279.0, 279.0, 279.0, 279.0, 279.0, 279.0, 279.0, 279.0, 279.0, 279.0, 279.0, 279.0, 279.0, 279.0, 279.0, 279.0, 279.0, 279.0, 279.0, 279.0, 279.0, 279.0, 279.0, 279.0, 279.0, 279.0, 279.0, 279.0, 279.0, 279.0, 279.0, 279.0, 279.0, 279.0, 279.0, 279.0, 279.0, 279.0, 279.0, 279.0, 279.0, 279.0, 279.0, 279.0, 279.0, 279.0, 279.0, 279.0, 279.0, 279.0, 279.0, 279.0, 279.0, 279.0, 279.0, 279.0, 279.0, 279.0, 279.0, 279.0, 279.0, 279.0, 279.0, 279.0, 279.0, 279.0, 279.0, 279.0, 279.0, 279.0, 279.0, 279.0, 279.0, 279.0, 279.0, 279.0, 279.0, 279.0, 279.0, 279.0, 279.0, 279.0, 279.0, 279.0, 279.0, 279.0, 279.0, 279.0, 279.0, 279.0, 279.0, 279.0, 279.0, 279.0, 279.0, 279.0, 279.0, 279.0, 279.0, 279.0, 279.0, 279.0, 279.0, 279.0, 279.0, 279.0, 279.0, 279.0, 279.0, 279.0, 279.0, 279.0, 279.0, 279.0, 279.0, 279.0, 279.0, 279.0, 279.0, 279.0, 279.0, 279.0, 279.0, 279.0, 279.0, 279.0, 279.0, 279.0, 279.0, 279.0, 279.0, 279.0, 279.0, 279.0, 279.0, 278.0, 278.0, 278.0, 278.0, 278.0, 278.0, 278.0, 278.0, 278.0, 278.0, 278.0, 278.0, 278.0, 278.0, 278.0, 278.0, 278.0, 278.0, 278.0, 278.0, 278.0, 278.0, 278.0, 278.0, 278.0, 278.0, 278.0, 278.0, 278.0, 275.0, 274.0, 274.0, 274.0, 274.0, 274.0, 274.0, 274.0, 274.0, 274.0, 274.0, 274.0, 274.0, 274.0, 274.0, 274.0, 274.0, 274.0, 274.0, 274.0, 274.0, 274.0, 274.0, 274.0, 274.0, 274.0, 274.0, 274.0, 274.0, 274.0, 274.0, 274.0, 274.0, 274.0, 274.0, 274.0, 274.0, 274.0, 274.0, 274.0, 274.0, 274.0, 274.0, 274.0, 274.0, 274.0, 274.0, 274.0, 274.0, 274.0, 274.0, 274.0, 274.0, 274.0, 274.0, 274.0, 274.0, 274.0, 274.0, 274.0, 274.0, 274.0, 274.0, 274.0, 274.0, 274.0, 274.0, 274.0, 274.0, 274.0, 274.0, 274.0, 274.0, 274.0, 274.0, 274.0, 274.0, 274.0, 274.0];
u1=[3129.0, 1386.0, 707.0, 454.0, 378.0, 333.0, 318.0, 316.0, 316.0, 316.0, 316.0, 297.0, 297.0, 294.0, 283.0, 283.0, 283.0, 283.0, 283.0, 283.0, 283.0, 283.0, 283.0, 283.0, 283.0, 283.0, 283.0, 283.0, 283.0, 278.0, 278.0, 278.0, 278.0, 278.0, 278.0, 278.0, 278.0, 278.0, 278.0, 278.0, 278.0, 278.0, 278.0, 278.0, 278.0, 278.0, 278.0, 278.0, 278.0, 278.0, 278.0, 278.0, 278.0, 278.0, 278.0, 278.0, 278.0, 278.0, 278.0, 278.0, 278.0, 278.0, 278.0, 278.0, 278.0, 278.0, 278.0, 278.0, 278.0, 278.0, 278.0, 278.0, 278.0, 278.0, 278.0, 278.0, 278.0, 278.0, 278.0, 278.0, 278.0, 278.0, 278.0, 278.0, 278.0, 278.0, 278.0, 278.0, 278.0, 278.0, 278.0, 278.0, 278.0, 278.0, 278.0, 278.0, 278.0, 278.0, 278.0, 278.0, 278.0, 278.0, 278.0, 278.0, 278.0, 278.0, 278.0, 278.0, 278.0, 278.0, 278.0, 278.0, 278.0, 278.0, 278.0, 278.0, 278.0, 278.0, 278.0, 278.0, 278.0, 278.0, 278.0, 278.0, 278.0, 278.0, 278.0, 274.0, 274.0, 274.0, 274.0, 274.0, 274.0, 274.0, 274.0, 274.0, 274.0, 274.0, 274.0, 274.0, 274.0, 274.0, 274.0, 274.0, 274.0, 274.0, 274.0, 274.0, 274.0, 274.0, 274.0, 274.0, 274.0, 274.0, 274.0, 274.0, 274.0, 274.0, 274.0, 274.0, 274.0, 274.0, 274.0, 274.0, 274.0, 274.0, 274.0, 274.0, 274.0, 274.0, 274.0, 274.0, 274.0, 274.0, 274.0, 274.0, 274.0, 274.0, 274.0, 274.0, 274.0, 274.0, 274.0, 274.0, 274.0, 274.0, 274.0, 274.0, 274.0, 274.0, 274.0, 274.0, 274.0, 274.0, 274.0, 274.0, 274.0, 274.0, 274.0, 274.0, 274.0, 274.0, 274.0, 274.0, 274.0, 274.0, 274.0, 274.0, 274.0, 274.0, 274.0, 274.0, 274.0, 270.0, 270.0, 270.0, 270.0, 270.0, 270.0, 270.0, 270.0, 270.0, 270.0, 270.0, 270.0, 270.0, 270.0, 270.0, 270.0, 270.0, 270.0, 270.0, 270.0, 270.0, 270.0, 270.0, 270.0, 270.0, 270.0, 270.0, 270.0, 270.0, 270.0, 270.0, 270.0, 270.0, 270.0, 270.0, 270.0, 270.0, 270.0, 270.0, 270.0, 270.0, 270.0, 270.0, 270.0, 270.0, 270.0, 270.0, 270.0, 270.0, 270.0, 270.0, 270.0, 270.0, 270.0, 270.0, 270.0, 270.0, 270.0, 270.0, 270.0, 270.0, 270.0, 270.0, 270.0, 270.0, 270.0, 270.0, 270.0, 270.0, 270.0, 270.0, 270.0, 270.0, 270.0, 270.0, 270.0, 270.0, 270.0, 270.0, 270.0, 270.0, 270.0, 270.0, 270.0, 270.0, 270.0, 270.0, 270.0, 270.0, 270.0, 270.0, 270.0, 270.0, 270.0, 270.0, 270.0, 270.0, 270.0, 270.0, 270.0, 270.0, 270.0, 270.0, 270.0, 270.0, 270.0, 270.0, 270.0, 270.0, 270.0, 270.0, 270.0, 270.0, 270.0, 270.0, 270.0, 270.0, 270.0, 270.0, 270.0, 270.0, 270.0, 270.0, 270.0, 270.0, 270.0, 270.0, 270.0, 270.0, 270.0, 270.0, 270.0, 270.0, 270.0, 270.0, 270.0, 270.0, 270.0, 270.0, 270.0, 270.0, 270.0, 270.0, 270.0, 270.0, 270.0, 270.0, 270.0, 270.0, 270.0, 270.0, 270.0, 270.0, 270.0, 270.0, 270.0, 270.0, 270.0, 270.0, 270.0, 270.0, 270.0, 270.0, 270.0, 270.0, 270.0, 270.0, 270.0, 270.0, 270.0, 270.0, 270.0, 270.0, 270.0, 270.0, 270.0, 270.0, 270.0, 270.0, 270.0, 270.0, 270.0, 270.0, 270.0, 270.0, 270.0, 270.0, 270.0, 270.0, 270.0, 270.0, 270.0, 270.0, 270.0, 270.0, 270.0, 270.0, 270.0, 270.0, 270.0, 270.0, 270.0, 270.0, 270.0, 270.0, 270.0, 270.0, 270.0, 270.0, 270.0, 270.0, 270.0, 270.0, 270.0, 270.0, 270.0, 270.0, 270.0, 270.0, 270.0, 270.0, 270.0, 270.0, 270.0, 270.0, 270.0, 270.0, 270.0, 270.0, 270.0, 270.0, 270.0, 270.0, 270.0, 270.0, 270.0, 270.0, 270.0, 270.0, 270.0, 270.0, 270.0, 270.0, 270.0, 270.0, 270.0, 270.0, 270.0, 270.0, 270.0, 270.0, 270.0, 270.0, 270.0, 270.0, 270.0, 270.0, 270.0, 270.0, 270.0, 270.0, 270.0, 270.0, 270.0, 270.0, 270.0, 270.0, 270.0, 270.0, 270.0, 270.0, 270.0, 270.0, 270.0, 270.0, 270.0, 270.0, 270.0, 270.0, 270.0, 270.0, 270.0, 270.0, 270.0, 270.0, 270.0];
u2=[3194.0, 1259.0, 779.0, 529.0, 408.0, 347.0, 320.0, 277.0, 277.0, 277.0, 277.0, 277.0, 277.0, 277.0, 277.0, 277.0, 277.0, 277.0, 277.0, 277.0, 277.0, 277.0, 277.0, 277.0, 277.0, 277.0, 277.0, 277.0, 277.0, 277.0, 277.0, 277.0, 277.0, 277.0, 277.0, 277.0, 277.0, 277.0, 277.0, 277.0, 277.0, 277.0, 277.0, 277.0, 277.0, 277.0, 277.0, 277.0, 277.0, 277.0, 277.0, 277.0, 277.0, 277.0, 277.0, 277.0, 277.0, 277.0, 277.0, 277.0, 277.0, 277.0, 277.0, 277.0, 277.0, 277.0, 277.0, 277.0, 277.0, 277.0, 277.0, 277.0, 277.0, 277.0, 277.0, 277.0, 277.0, 277.0, 277.0, 277.0, 277.0, 277.0, 277.0, 277.0, 277.0, 277.0, 277.0, 277.0, 277.0, 277.0, 277.0, 277.0, 277.0, 277.0, 277.0, 277.0, 277.0, 277.0, 277.0, 277.0, 277.0, 277.0, 277.0, 277.0, 277.0, 277.0, 277.0, 277.0, 277.0, 277.0, 277.0, 277.0, 277.0, 277.0, 277.0, 277.0, 277.0, 277.0, 277.0, 277.0, 277.0, 277.0, 277.0, 277.0, 277.0, 277.0, 277.0, 277.0, 277.0, 277.0, 277.0, 277.0, 277.0, 277.0, 277.0, 277.0, 277.0, 277.0, 277.0, 277.0, 277.0, 277.0, 277.0, 277.0, 277.0, 277.0, 277.0, 277.0, 277.0, 277.0, 277.0, 277.0, 277.0, 277.0, 277.0, 277.0, 277.0, 277.0, 277.0, 277.0, 277.0, 277.0, 277.0, 277.0, 277.0, 277.0, 277.0, 277.0, 277.0, 277.0, 277.0, 277.0, 277.0, 277.0, 277.0, 277.0, 277.0, 277.0, 277.0, 277.0, 277.0, 277.0, 277.0, 277.0, 277.0, 277.0, 277.0, 277.0, 277.0, 277.0, 277.0, 277.0, 277.0, 277.0, 277.0, 277.0, 277.0, 277.0, 277.0, 277.0, 277.0, 277.0, 277.0, 277.0, 277.0, 277.0, 277.0, 277.0, 277.0, 277.0, 277.0, 277.0, 277.0, 277.0, 277.0, 277.0, 277.0, 277.0, 277.0, 277.0, 277.0, 277.0, 277.0, 277.0, 277.0, 277.0, 277.0, 277.0, 277.0, 277.0, 277.0, 277.0, 277.0, 277.0, 277.0, 277.0, 277.0, 277.0, 277.0, 277.0, 277.0, 277.0, 277.0, 277.0, 277.0, 277.0, 277.0, 277.0, 277.0, 277.0, 277.0, 277.0, 277.0, 277.0, 277.0, 277.0, 277.0, 277.0, 277.0, 277.0, 277.0, 277.0, 277.0, 277.0, 277.0, 277.0, 277.0, 277.0, 277.0, 277.0, 277.0, 277.0, 277.0, 277.0, 277.0, 277.0, 277.0, 277.0, 277.0, 277.0, 277.0, 277.0, 277.0, 277.0, 277.0, 277.0, 277.0, 277.0, 277.0, 277.0, 277.0, 277.0, 277.0, 277.0, 277.0, 277.0, 277.0, 277.0, 277.0, 277.0, 277.0, 277.0, 277.0, 277.0, 277.0, 277.0, 277.0, 277.0, 277.0, 277.0, 277.0, 277.0, 277.0, 277.0, 277.0, 277.0, 277.0, 277.0, 277.0, 277.0, 277.0, 277.0, 277.0, 277.0, 277.0, 277.0, 277.0, 277.0, 277.0, 277.0, 277.0, 277.0, 277.0, 277.0, 277.0, 277.0, 277.0, 277.0, 277.0, 277.0, 277.0, 277.0, 277.0, 277.0, 277.0, 277.0, 277.0, 277.0, 277.0, 277.0, 277.0, 277.0, 277.0, 277.0, 277.0, 277.0, 277.0, 277.0, 277.0, 277.0, 277.0, 277.0, 277.0, 277.0, 277.0, 277.0, 277.0, 277.0, 277.0, 277.0, 277.0, 277.0, 277.0, 277.0, 277.0, 277.0, 277.0, 277.0, 277.0, 277.0, 277.0, 277.0, 277.0, 277.0, 277.0, 277.0, 277.0, 277.0, 277.0, 277.0, 277.0, 277.0, 277.0, 277.0, 277.0, 277.0, 277.0, 277.0, 277.0, 277.0, 277.0, 277.0, 277.0, 277.0, 277.0, 277.0, 277.0, 277.0, 277.0, 277.0, 277.0, 277.0, 277.0, 277.0, 277.0, 277.0, 277.0, 277.0, 277.0, 277.0, 277.0, 277.0, 277.0, 277.0, 277.0, 277.0, 277.0, 277.0, 277.0, 277.0, 277.0, 277.0, 277.0, 277.0, 277.0, 277.0, 277.0, 277.0, 277.0, 277.0, 277.0, 277.0, 277.0, 277.0, 277.0, 277.0, 277.0, 277.0, 277.0, 277.0, 277.0, 277.0, 277.0, 277.0, 277.0, 277.0, 277.0, 277.0, 277.0, 277.0, 277.0, 277.0, 277.0, 277.0, 277.0, 277.0, 277.0, 277.0, 277.0, 277.0, 277.0, 277.0, 277.0, 277.0, 277.0, 277.0, 277.0, 277.0, 277.0, 277.0, 277.0, 277.0, 277.0, 277.0, 277.0, 277.0, 277.0, 277.0, 277.0, 277.0, 277.0, 277.0, 277.0, 277.0, 277.0, 277.0, 277.0, 277.0, 277.0];
u3=[4001.0, 1908.0, 855.0, 503.0, 381.0, 339.0, 334.0, 333.0, 310.0, 305.0, 289.0, 289.0, 289.0, 289.0, 289.0, 289.0, 289.0, 289.0, 289.0, 289.0, 289.0, 289.0, 279.0, 278.0, 278.0, 278.0, 278.0, 278.0, 278.0, 278.0, 278.0, 278.0, 278.0, 278.0, 278.0, 278.0, 278.0, 278.0, 278.0, 278.0, 278.0, 278.0, 278.0, 278.0, 278.0, 278.0, 278.0, 278.0, 278.0, 278.0, 278.0, 278.0, 278.0, 278.0, 278.0, 278.0, 278.0, 278.0, 278.0, 278.0, 278.0, 278.0, 278.0, 278.0, 278.0, 278.0, 278.0, 278.0, 278.0, 278.0, 278.0, 278.0, 278.0, 278.0, 278.0, 278.0, 278.0, 278.0, 278.0, 278.0, 278.0, 278.0, 278.0, 278.0, 278.0, 278.0, 278.0, 278.0, 278.0, 278.0, 278.0, 278.0, 278.0, 278.0, 278.0, 278.0, 278.0, 278.0, 278.0, 278.0, 278.0, 278.0, 278.0, 278.0, 278.0, 278.0, 278.0, 278.0, 278.0, 278.0, 278.0, 278.0, 278.0, 278.0, 278.0, 278.0, 278.0, 278.0, 278.0, 278.0, 278.0, 278.0, 278.0, 278.0, 278.0, 278.0, 278.0, 278.0, 278.0, 278.0, 278.0, 278.0, 278.0, 278.0, 278.0, 278.0, 278.0, 278.0, 278.0, 278.0, 278.0, 278.0, 278.0, 278.0, 278.0, 278.0, 278.0, 278.0, 278.0, 278.0, 278.0, 278.0, 278.0, 278.0, 278.0, 278.0, 278.0, 278.0, 278.0, 278.0, 278.0, 278.0, 278.0, 278.0, 278.0, 278.0, 278.0, 278.0, 278.0, 278.0, 278.0, 278.0, 278.0, 278.0, 278.0, 278.0, 278.0, 278.0, 278.0, 278.0, 278.0, 278.0, 278.0, 278.0, 278.0, 278.0, 278.0, 278.0, 278.0, 278.0, 278.0, 278.0, 278.0, 278.0, 278.0, 278.0, 278.0, 278.0, 278.0, 278.0, 278.0, 278.0, 278.0, 278.0, 278.0, 278.0, 278.0, 278.0, 278.0, 278.0, 278.0, 278.0, 278.0, 278.0, 278.0, 278.0, 278.0, 278.0, 278.0, 278.0, 278.0, 278.0, 278.0, 278.0, 278.0, 278.0, 278.0, 278.0, 278.0, 278.0, 278.0, 278.0, 278.0, 278.0, 278.0, 278.0, 278.0, 278.0, 278.0, 278.0, 278.0, 278.0, 278.0, 278.0, 278.0, 278.0, 278.0, 278.0, 278.0, 278.0, 278.0, 278.0, 278.0, 278.0, 278.0, 278.0, 278.0, 278.0, 278.0, 278.0, 278.0, 278.0, 278.0, 278.0, 278.0, 278.0, 278.0, 278.0, 278.0, 278.0, 278.0, 278.0, 278.0, 278.0, 278.0, 278.0, 278.0, 278.0, 278.0, 278.0, 278.0, 278.0, 278.0, 278.0, 278.0, 278.0, 278.0, 278.0, 278.0, 278.0, 278.0, 278.0, 278.0, 278.0, 278.0, 278.0, 278.0, 278.0, 278.0, 278.0, 278.0, 278.0, 278.0, 278.0, 278.0, 278.0, 278.0, 278.0, 278.0, 278.0, 278.0, 278.0, 278.0, 278.0, 278.0, 278.0, 278.0, 278.0, 278.0, 278.0, 278.0, 278.0, 278.0, 278.0, 278.0, 278.0, 278.0, 278.0, 278.0, 278.0, 278.0, 278.0, 278.0, 278.0, 278.0, 278.0, 278.0, 278.0, 278.0, 278.0, 278.0, 278.0, 278.0, 278.0, 278.0, 278.0, 278.0, 278.0, 278.0, 278.0, 278.0, 278.0, 278.0, 278.0, 278.0, 278.0, 278.0, 278.0, 278.0, 274.0, 271.0, 271.0, 271.0, 271.0, 271.0, 271.0, 271.0, 271.0, 271.0, 271.0, 271.0, 271.0, 271.0, 271.0, 271.0, 271.0, 271.0, 271.0, 271.0, 271.0, 271.0, 271.0, 271.0, 271.0, 271.0, 271.0, 271.0, 271.0, 271.0, 271.0, 271.0, 271.0, 271.0, 271.0, 271.0, 271.0, 271.0, 271.0, 271.0, 271.0, 271.0, 271.0, 271.0, 271.0, 271.0, 271.0, 271.0, 271.0, 271.0, 271.0, 271.0, 271.0, 271.0, 271.0, 271.0, 271.0, 271.0, 271.0, 271.0, 271.0, 271.0, 271.0, 271.0, 271.0, 271.0, 271.0, 271.0, 271.0, 271.0, 271.0, 271.0, 271.0, 271.0, 271.0, 271.0, 271.0, 271.0, 271.0, 271.0, 271.0, 271.0, 271.0, 271.0, 271.0, 271.0, 271.0, 271.0, 271.0, 271.0, 271.0, 271.0, 271.0, 271.0, 271.0, 271.0, 271.0, 271.0, 271.0, 271.0, 271.0, 271.0, 271.0, 271.0, 271.0, 271.0, 271.0, 271.0, 271.0, 271.0, 271.0, 271.0, 271.0, 271.0, 271.0, 271.0, 271.0, 271.0, 271.0, 271.0, 271.0, 271.0, 271.0, 271.0, 271.0, 271.0, 271.0, 271.0, 271.0, 271.0, 271.0, 271.0, 271.0, 271.0, 271.0, 271.0, 271.0, 271.0, 271.0, 271.0];
u4=[3347.0, 1713.0, 803.0, 574.0, 398.0, 324.0, 324.0, 324.0, 323.0, 323.0, 316.0, 316.0, 316.0, 316.0, 316.0, 316.0, 301.0, 301.0, 301.0, 301.0, 301.0, 301.0, 301.0, 301.0, 301.0, 301.0, 301.0, 301.0, 301.0, 298.0, 298.0, 298.0, 298.0, 298.0, 298.0, 298.0, 298.0, 298.0, 298.0, 284.0, 284.0, 284.0, 284.0, 284.0, 284.0, 284.0, 284.0, 284.0, 284.0, 284.0, 284.0, 284.0, 284.0, 284.0, 284.0, 284.0, 284.0, 284.0, 284.0, 284.0, 284.0, 284.0, 284.0, 284.0, 284.0, 284.0, 283.0, 283.0, 283.0, 283.0, 283.0, 283.0, 283.0, 283.0, 283.0, 283.0, 283.0, 283.0, 283.0, 283.0, 283.0, 283.0, 283.0, 283.0, 283.0, 283.0, 283.0, 283.0, 283.0, 283.0, 283.0, 283.0, 283.0, 283.0, 283.0, 283.0, 283.0, 283.0, 283.0, 283.0, 283.0, 283.0, 283.0, 283.0, 283.0, 283.0, 283.0, 283.0, 283.0, 283.0, 283.0, 283.0, 283.0, 283.0, 283.0, 283.0, 283.0, 283.0, 283.0, 283.0, 283.0, 283.0, 283.0, 283.0, 283.0, 283.0, 283.0, 283.0, 283.0, 283.0, 283.0, 283.0, 282.0, 282.0, 282.0, 282.0, 282.0, 282.0, 282.0, 282.0, 282.0, 282.0, 282.0, 282.0, 282.0, 282.0, 282.0, 282.0, 282.0, 282.0, 282.0, 282.0, 282.0, 282.0, 282.0, 282.0, 282.0, 282.0, 282.0, 282.0, 282.0, 282.0, 282.0, 282.0, 282.0, 282.0, 282.0, 282.0, 282.0, 282.0, 282.0, 282.0, 282.0, 282.0, 282.0, 282.0, 282.0, 282.0, 282.0, 282.0, 282.0, 282.0, 282.0, 282.0, 282.0, 282.0, 282.0, 282.0, 282.0, 282.0, 282.0, 282.0, 282.0, 282.0, 282.0, 282.0, 282.0, 282.0, 282.0, 282.0, 282.0, 282.0, 282.0, 282.0, 282.0, 282.0, 282.0, 282.0, 282.0, 282.0, 282.0, 282.0, 282.0, 282.0, 282.0, 282.0, 282.0, 282.0, 282.0, 282.0, 282.0, 282.0, 282.0, 282.0, 282.0, 282.0, 282.0, 282.0, 282.0, 282.0, 282.0, 282.0, 282.0, 282.0, 282.0, 282.0, 282.0, 282.0, 282.0, 282.0, 282.0, 282.0, 282.0, 282.0, 282.0, 282.0, 282.0, 282.0, 282.0, 282.0, 282.0, 282.0, 282.0, 282.0, 282.0, 282.0, 282.0, 282.0, 282.0, 282.0, 282.0, 282.0, 282.0, 282.0, 282.0, 282.0, 282.0, 282.0, 282.0, 282.0, 282.0, 282.0, 282.0, 282.0, 282.0, 282.0, 282.0, 282.0, 282.0, 282.0, 282.0, 282.0, 282.0, 266.0, 266.0, 266.0, 266.0, 266.0, 266.0, 266.0, 266.0, 266.0, 266.0, 266.0, 266.0, 266.0, 266.0, 266.0, 266.0, 266.0, 266.0, 266.0, 266.0, 266.0, 266.0, 266.0, 266.0, 266.0, 266.0, 266.0, 266.0, 266.0, 266.0, 266.0, 266.0, 266.0, 266.0, 266.0, 266.0, 266.0, 266.0, 266.0, 266.0, 266.0, 266.0, 266.0, 266.0, 266.0, 266.0, 266.0, 266.0, 266.0, 266.0, 266.0, 266.0, 266.0, 266.0, 266.0, 266.0, 266.0, 266.0, 266.0, 266.0, 266.0, 266.0, 266.0, 266.0, 266.0, 266.0, 266.0, 266.0, 266.0, 266.0, 266.0, 266.0, 266.0, 266.0, 266.0, 266.0, 266.0, 266.0, 266.0, 266.0, 266.0, 266.0, 266.0, 266.0, 266.0, 266.0, 266.0, 266.0, 266.0, 266.0, 266.0, 266.0, 266.0, 266.0, 266.0, 266.0, 266.0, 266.0, 266.0, 266.0, 266.0, 266.0, 266.0, 266.0, 266.0, 266.0, 266.0, 266.0, 266.0, 266.0, 266.0, 266.0, 266.0, 266.0, 266.0, 266.0, 266.0, 266.0, 266.0, 266.0, 266.0, 266.0, 266.0, 266.0, 266.0, 266.0, 266.0, 266.0, 266.0, 266.0, 266.0, 266.0, 266.0, 266.0, 266.0, 266.0, 266.0, 266.0, 255.0, 255.0, 255.0, 255.0, 255.0, 255.0, 255.0, 255.0, 255.0, 255.0, 255.0, 255.0, 255.0, 255.0, 255.0, 255.0, 255.0, 255.0, 255.0, 255.0, 255.0, 255.0, 255.0, 255.0, 255.0, 255.0, 255.0, 255.0, 255.0, 255.0, 255.0, 255.0, 255.0, 255.0, 255.0, 255.0, 255.0, 255.0, 255.0, 255.0, 255.0, 255.0, 255.0, 255.0, 255.0, 255.0, 255.0, 255.0, 255.0, 255.0, 255.0, 255.0, 255.0, 255.0, 255.0, 255.0, 255.0, 255.0, 255.0, 255.0, 255.0, 255.0, 255.0, 255.0, 255.0, 255.0, 255.0, 255.0, 255.0, 255.0, 255.0, 255.0, 255.0, 255.0, 255.0, 255.0, 255.0, 255.0];
u5=[3382.0, 1435.0, 878.0, 603.0, 396.0, 328.0, 328.0, 300.0, 300.0, 300.0, 300.0, 300.0, 300.0, 300.0, 300.0, 300.0, 300.0, 297.0, 297.0, 297.0, 297.0, 297.0, 297.0, 297.0, 297.0, 297.0, 297.0, 297.0, 297.0, 297.0, 297.0, 297.0, 297.0, 297.0, 297.0, 297.0, 297.0, 297.0, 297.0, 297.0, 297.0, 297.0, 297.0, 297.0, 296.0, 296.0, 296.0, 296.0, 296.0, 296.0, 296.0, 296.0, 296.0, 296.0, 296.0, 296.0, 296.0, 296.0, 296.0, 296.0, 296.0, 296.0, 296.0, 296.0, 296.0, 296.0, 296.0, 296.0, 296.0, 296.0, 296.0, 296.0, 296.0, 296.0, 296.0, 296.0, 296.0, 296.0, 294.0, 285.0, 285.0, 285.0, 285.0, 285.0, 285.0, 285.0, 285.0, 285.0, 285.0, 285.0, 285.0, 285.0, 285.0, 285.0, 285.0, 285.0, 285.0, 285.0, 285.0, 285.0, 285.0, 285.0, 285.0, 285.0, 285.0, 285.0, 285.0, 285.0, 285.0, 285.0, 285.0, 285.0, 285.0, 285.0, 285.0, 285.0, 285.0, 285.0, 285.0, 285.0, 285.0, 285.0, 285.0, 285.0, 285.0, 285.0, 285.0, 285.0, 281.0, 281.0, 281.0, 281.0, 281.0, 281.0, 281.0, 281.0, 281.0, 281.0, 281.0, 281.0, 281.0, 281.0, 281.0, 281.0, 281.0, 281.0, 281.0, 281.0, 281.0, 281.0, 281.0, 281.0, 281.0, 281.0, 281.0, 281.0, 281.0, 281.0, 281.0, 281.0, 281.0, 281.0, 281.0, 281.0, 281.0, 281.0, 281.0, 281.0, 281.0, 281.0, 281.0, 281.0, 281.0, 281.0, 281.0, 281.0, 281.0, 281.0, 281.0, 281.0, 281.0, 281.0, 281.0, 281.0, 281.0, 281.0, 281.0, 281.0, 281.0, 281.0, 281.0, 281.0, 281.0, 281.0, 281.0, 281.0, 281.0, 281.0, 281.0, 281.0, 281.0, 281.0, 281.0, 281.0, 281.0, 281.0, 281.0, 281.0, 281.0, 281.0, 281.0, 281.0, 281.0, 281.0, 281.0, 281.0, 281.0, 281.0, 281.0, 281.0, 281.0, 281.0, 281.0, 281.0, 281.0, 281.0, 281.0, 281.0, 281.0, 281.0, 281.0, 281.0, 281.0, 281.0, 281.0, 281.0, 281.0, 281.0, 281.0, 281.0, 281.0, 281.0, 281.0, 281.0, 281.0, 281.0, 281.0, 281.0, 281.0, 281.0, 281.0, 281.0, 281.0, 281.0, 281.0, 281.0, 281.0, 281.0, 281.0, 281.0, 281.0, 281.0, 281.0, 281.0, 281.0, 281.0, 281.0, 281.0, 281.0, 281.0, 281.0, 281.0, 281.0, 281.0, 281.0, 281.0, 281.0, 281.0, 281.0, 281.0, 281.0, 281.0, 281.0, 281.0, 281.0, 281.0, 281.0, 281.0, 281.0, 281.0, 281.0, 281.0, 281.0, 281.0, 281.0, 281.0, 281.0, 281.0, 281.0, 281.0, 281.0, 281.0, 281.0, 281.0, 281.0, 281.0, 281.0, 281.0, 281.0, 281.0, 281.0, 278.0, 278.0, 278.0, 278.0, 278.0, 278.0, 278.0, 278.0, 278.0, 278.0, 278.0, 278.0, 278.0, 278.0, 278.0, 278.0, 278.0, 278.0, 278.0, 278.0, 278.0, 278.0, 278.0, 278.0, 278.0, 278.0, 278.0, 278.0, 278.0, 278.0, 278.0, 278.0, 278.0, 278.0, 278.0, 278.0, 278.0, 278.0, 278.0, 278.0, 278.0, 278.0, 278.0, 278.0, 278.0, 278.0, 278.0, 278.0, 278.0, 278.0, 278.0, 278.0, 278.0, 278.0, 278.0, 278.0, 278.0, 278.0, 278.0, 278.0, 278.0, 278.0, 278.0, 278.0, 278.0, 278.0, 278.0, 278.0, 278.0, 278.0, 278.0, 278.0, 278.0, 278.0, 278.0, 278.0, 278.0, 278.0, 278.0, 278.0, 278.0, 278.0, 278.0, 278.0, 278.0, 278.0, 278.0, 278.0, 278.0, 278.0, 278.0, 278.0, 278.0, 278.0, 278.0, 278.0, 278.0, 278.0, 278.0, 278.0, 278.0, 278.0, 278.0, 278.0, 278.0, 278.0, 278.0, 278.0, 278.0, 278.0, 278.0, 278.0, 278.0, 278.0, 278.0, 278.0, 272.0, 272.0, 272.0, 272.0, 272.0, 272.0, 272.0, 272.0, 272.0, 272.0, 272.0, 272.0, 272.0, 272.0, 272.0, 272.0, 272.0, 272.0, 272.0, 272.0, 272.0, 272.0, 272.0, 272.0, 272.0, 272.0, 272.0, 272.0, 272.0, 272.0, 272.0, 272.0, 272.0, 272.0, 272.0, 272.0, 272.0, 272.0, 272.0, 272.0, 272.0, 272.0, 272.0, 272.0, 272.0, 272.0, 272.0, 272.0, 272.0, 272.0, 272.0, 272.0, 272.0, 272.0, 272.0, 272.0, 272.0, 272.0, 272.0, 272.0, 272.0, 272.0, 272.0, 272.0, 272.0, 272.0, 272.0, 272.0, 272.0, 272.0, 272.0, 272.0];
u6=[3312.0, 1615.0, 857.0, 511.0, 396.0, 349.0, 307.0, 298.0, 298.0, 298.0, 285.0, 285.0, 285.0, 285.0, 285.0, 285.0, 285.0, 285.0, 285.0, 285.0, 285.0, 285.0, 285.0, 285.0, 285.0, 285.0, 285.0, 285.0, 285.0, 285.0, 271.0, 270.0, 270.0, 270.0, 270.0, 270.0, 270.0, 270.0, 270.0, 270.0, 270.0, 270.0, 270.0, 270.0, 270.0, 270.0, 270.0, 270.0, 270.0, 270.0, 270.0, 270.0, 270.0, 270.0, 270.0, 270.0, 270.0, 270.0, 270.0, 270.0, 270.0, 270.0, 270.0, 270.0, 270.0, 270.0, 270.0, 270.0, 270.0, 270.0, 270.0, 270.0, 270.0, 270.0, 270.0, 270.0, 270.0, 270.0, 270.0, 270.0, 270.0, 270.0, 270.0, 270.0, 270.0, 270.0, 270.0, 270.0, 270.0, 270.0, 270.0, 270.0, 270.0, 270.0, 270.0, 270.0, 270.0, 270.0, 270.0, 270.0, 270.0, 270.0, 270.0, 270.0, 270.0, 270.0, 270.0, 270.0, 270.0, 270.0, 270.0, 270.0, 270.0, 270.0, 270.0, 270.0, 270.0, 270.0, 270.0, 270.0, 270.0, 270.0, 270.0, 270.0, 270.0, 270.0, 270.0, 270.0, 270.0, 270.0, 270.0, 270.0, 270.0, 270.0, 270.0, 270.0, 270.0, 270.0, 270.0, 270.0, 270.0, 270.0, 270.0, 270.0, 270.0, 270.0, 270.0, 270.0, 270.0, 270.0, 270.0, 270.0, 270.0, 270.0, 270.0, 270.0, 270.0, 270.0, 270.0, 270.0, 270.0, 270.0, 270.0, 270.0, 270.0, 270.0, 270.0, 270.0, 270.0, 270.0, 270.0, 270.0, 270.0, 270.0, 270.0, 270.0, 270.0, 270.0, 270.0, 270.0, 270.0, 270.0, 270.0, 270.0, 270.0, 270.0, 270.0, 270.0, 270.0, 270.0, 270.0, 270.0, 270.0, 270.0, 270.0, 270.0, 270.0, 270.0, 270.0, 270.0, 270.0, 270.0, 270.0, 270.0, 270.0, 270.0, 270.0, 270.0, 270.0, 270.0, 270.0, 270.0, 270.0, 270.0, 270.0, 270.0, 270.0, 270.0, 270.0, 270.0, 270.0, 270.0, 270.0, 270.0, 270.0, 270.0, 270.0, 270.0, 270.0, 270.0, 270.0, 270.0, 270.0, 270.0, 270.0, 270.0, 270.0, 270.0, 270.0, 270.0, 270.0, 270.0, 270.0, 270.0, 270.0, 270.0, 270.0, 270.0, 270.0, 270.0, 270.0, 270.0, 270.0, 270.0, 270.0, 270.0, 270.0, 270.0, 270.0, 270.0, 270.0, 270.0, 270.0, 270.0, 270.0, 270.0, 270.0, 270.0, 270.0, 270.0, 270.0, 270.0, 270.0, 270.0, 270.0, 270.0, 270.0, 270.0, 270.0, 270.0, 270.0, 270.0, 270.0, 270.0, 270.0, 270.0, 270.0, 270.0, 270.0, 270.0, 270.0, 270.0, 270.0, 270.0, 270.0, 270.0, 270.0, 270.0, 270.0, 270.0, 270.0, 270.0, 270.0, 270.0, 270.0, 270.0, 270.0, 270.0, 270.0, 270.0, 270.0, 270.0, 270.0, 270.0, 270.0, 270.0, 270.0, 270.0, 270.0, 270.0, 270.0, 270.0, 270.0, 270.0, 270.0, 270.0, 270.0, 270.0, 270.0, 270.0, 270.0, 270.0, 270.0, 270.0, 270.0, 270.0, 270.0, 270.0, 270.0, 270.0, 270.0, 270.0, 270.0, 270.0, 270.0, 270.0, 270.0, 270.0, 270.0, 270.0, 270.0, 270.0, 270.0, 270.0, 270.0, 270.0, 270.0, 270.0, 270.0, 270.0, 270.0, 270.0, 270.0, 270.0, 270.0, 270.0, 270.0, 270.0, 270.0, 270.0, 270.0, 270.0, 270.0, 270.0, 270.0, 270.0, 270.0, 270.0, 270.0, 270.0, 270.0, 270.0, 270.0, 270.0, 270.0, 270.0, 270.0, 270.0, 270.0, 270.0, 270.0, 270.0, 270.0, 270.0, 270.0, 270.0, 270.0, 270.0, 270.0, 270.0, 270.0, 270.0, 270.0, 270.0, 270.0, 270.0, 270.0, 270.0, 270.0, 270.0, 270.0, 270.0, 270.0, 270.0, 270.0, 270.0, 270.0, 270.0, 270.0, 270.0, 270.0, 270.0, 270.0, 270.0, 270.0, 270.0, 270.0, 270.0, 270.0, 270.0, 270.0, 270.0, 270.0, 270.0, 270.0, 270.0, 270.0, 270.0, 270.0, 270.0, 270.0, 270.0, 270.0, 270.0, 270.0, 270.0, 270.0, 270.0, 270.0, 270.0, 270.0, 270.0, 270.0, 270.0, 270.0, 270.0, 270.0, 270.0, 270.0, 270.0, 270.0, 270.0, 270.0, 270.0, 270.0, 270.0, 270.0, 270.0, 270.0, 270.0, 270.0, 270.0, 270.0, 270.0, 270.0, 270.0, 270.0, 270.0, 270.0, 270.0, 270.0, 270.0, 270.0, 270.0, 270.0, 270.0, 270.0, 270.0, 270.0, 270.0, 270.0, 270.0, 270.0, 270.0, 270.0, 270.0, 270.0, 270.0, 270.0];
u7=[3401.0, 1591.0, 780.0, 473.0, 388.0, 330.0, 308.0, 308.0, 308.0, 308.0, 308.0, 308.0, 308.0, 283.0, 283.0, 283.0, 283.0, 283.0, 283.0, 283.0, 283.0, 283.0, 283.0, 283.0, 283.0, 283.0, 283.0, 283.0, 283.0, 283.0, 283.0, 283.0, 283.0, 283.0, 283.0, 283.0, 283.0, 283.0, 283.0, 283.0, 283.0, 283.0, 283.0, 283.0, 283.0, 283.0, 283.0, 283.0, 283.0, 283.0, 283.0, 282.0, 282.0, 276.0, 276.0, 276.0, 276.0, 276.0, 276.0, 276.0, 276.0, 276.0, 276.0, 276.0, 276.0, 276.0, 276.0, 276.0, 276.0, 276.0, 276.0, 276.0, 276.0, 276.0, 276.0, 276.0, 276.0, 276.0, 276.0, 276.0, 276.0, 276.0, 276.0, 276.0, 276.0, 276.0, 276.0, 276.0, 276.0, 276.0, 276.0, 276.0, 276.0, 276.0, 276.0, 276.0, 276.0, 276.0, 276.0, 276.0, 276.0, 276.0, 276.0, 276.0, 276.0, 276.0, 276.0, 276.0, 276.0, 276.0, 276.0, 276.0, 276.0, 276.0, 276.0, 276.0, 276.0, 276.0, 276.0, 276.0, 276.0, 276.0, 276.0, 276.0, 276.0, 276.0, 276.0, 276.0, 276.0, 276.0, 276.0, 276.0, 276.0, 276.0, 276.0, 276.0, 276.0, 276.0, 276.0, 276.0, 276.0, 276.0, 276.0, 276.0, 276.0, 276.0, 276.0, 276.0, 276.0, 276.0, 276.0, 276.0, 276.0, 276.0, 276.0, 276.0, 276.0, 276.0, 276.0, 276.0, 276.0, 276.0, 276.0, 276.0, 276.0, 276.0, 276.0, 276.0, 276.0, 276.0, 276.0, 276.0, 276.0, 276.0, 276.0, 276.0, 276.0, 276.0, 276.0, 276.0, 276.0, 276.0, 276.0, 276.0, 276.0, 276.0, 276.0, 276.0, 276.0, 276.0, 276.0, 276.0, 276.0, 276.0, 276.0, 276.0, 276.0, 276.0, 276.0, 276.0, 276.0, 276.0, 276.0, 276.0, 276.0, 276.0, 276.0, 276.0, 276.0, 276.0, 276.0, 276.0, 276.0, 276.0, 276.0, 276.0, 276.0, 276.0, 276.0, 276.0, 276.0, 276.0, 276.0, 276.0, 276.0, 276.0, 276.0, 276.0, 276.0, 276.0, 276.0, 276.0, 276.0, 276.0, 276.0, 276.0, 276.0, 276.0, 276.0, 276.0, 276.0, 276.0, 276.0, 276.0, 276.0, 276.0, 276.0, 276.0, 276.0, 276.0, 276.0, 276.0, 276.0, 276.0, 276.0, 276.0, 276.0, 276.0, 276.0, 276.0, 276.0, 276.0, 276.0, 276.0, 276.0, 276.0, 276.0, 276.0, 276.0, 276.0, 276.0, 276.0, 276.0, 276.0, 276.0, 276.0, 276.0, 276.0, 276.0, 276.0, 276.0, 276.0, 276.0, 276.0, 276.0, 276.0, 276.0, 276.0, 276.0, 276.0, 276.0, 276.0, 276.0, 276.0, 276.0, 276.0, 276.0, 276.0, 276.0, 276.0, 276.0, 276.0, 276.0, 276.0, 276.0, 276.0, 276.0, 276.0, 276.0, 276.0, 276.0, 276.0, 276.0, 276.0, 276.0, 276.0, 276.0, 276.0, 276.0, 276.0, 276.0, 276.0, 276.0, 276.0, 276.0, 276.0, 276.0, 276.0, 276.0, 276.0, 276.0, 276.0, 276.0, 276.0, 276.0, 276.0, 276.0, 276.0, 276.0, 276.0, 276.0, 276.0, 276.0, 276.0, 276.0, 276.0, 276.0, 276.0, 276.0, 276.0, 276.0, 276.0, 276.0, 276.0, 276.0, 276.0, 276.0, 276.0, 276.0, 276.0, 276.0, 276.0, 276.0, 276.0, 276.0, 276.0, 276.0, 276.0, 276.0, 276.0, 276.0, 276.0, 276.0, 276.0, 276.0, 276.0, 276.0, 276.0, 276.0, 276.0, 276.0, 276.0, 276.0, 276.0, 276.0, 276.0, 276.0, 276.0, 276.0, 272.0, 272.0, 272.0, 272.0, 272.0, 272.0, 272.0, 272.0, 272.0, 272.0, 272.0, 272.0, 272.0, 272.0, 272.0, 272.0, 272.0, 272.0, 272.0, 272.0, 272.0, 272.0, 272.0, 272.0, 272.0, 272.0, 272.0, 272.0, 272.0, 272.0, 272.0, 272.0, 272.0, 272.0, 272.0, 272.0, 272.0, 272.0, 272.0, 272.0, 272.0, 272.0, 272.0, 272.0, 272.0, 272.0, 272.0, 272.0, 272.0, 272.0, 272.0, 272.0, 272.0, 272.0, 272.0, 272.0, 272.0, 272.0, 272.0, 272.0, 272.0, 272.0, 272.0, 272.0, 272.0, 272.0, 272.0, 272.0, 272.0, 272.0, 272.0, 272.0, 272.0, 272.0, 272.0, 272.0, 272.0, 272.0, 272.0, 272.0, 272.0, 272.0, 272.0, 272.0, 272.0, 272.0, 272.0, 272.0, 272.0, 272.0, 272.0, 272.0, 272.0, 272.0, 272.0, 272.0, 272.0, 272.0, 272.0, 272.0, 272.0, 272.0, 272.0, 272.0, 272.0, 272.0, 272.0, 272.0, 272.0, 272.0];
u8=[3354.0, 1708.0, 899.0, 458.0, 403.0, 365.0, 326.0, 312.0, 298.0, 298.0, 292.0, 292.0, 292.0, 292.0, 292.0, 292.0, 292.0, 292.0, 292.0, 292.0, 292.0, 292.0, 292.0, 292.0, 292.0, 292.0, 292.0, 292.0, 287.0, 286.0, 263.0, 263.0, 263.0, 263.0, 263.0, 263.0, 263.0, 263.0, 263.0, 263.0, 263.0, 263.0, 263.0, 263.0, 263.0, 263.0, 263.0, 263.0, 263.0, 263.0, 263.0, 263.0, 263.0, 263.0, 263.0, 263.0, 263.0, 263.0, 263.0, 263.0, 263.0, 263.0, 263.0, 263.0, 263.0, 263.0, 263.0, 263.0, 263.0, 263.0, 263.0, 263.0, 263.0, 263.0, 263.0, 263.0, 263.0, 263.0, 263.0, 263.0, 263.0, 263.0, 263.0, 263.0, 263.0, 263.0, 263.0, 263.0, 263.0, 263.0, 263.0, 263.0, 263.0, 263.0, 263.0, 263.0, 263.0, 263.0, 263.0, 263.0, 263.0, 263.0, 263.0, 263.0, 263.0, 263.0, 263.0, 263.0, 263.0, 263.0, 263.0, 263.0, 263.0, 263.0, 263.0, 263.0, 263.0, 263.0, 263.0, 263.0, 263.0, 263.0, 263.0, 263.0, 263.0, 263.0, 263.0, 263.0, 263.0, 263.0, 263.0, 263.0, 263.0, 263.0, 263.0, 263.0, 263.0, 263.0, 263.0, 263.0, 263.0, 263.0, 263.0, 263.0, 263.0, 263.0, 263.0, 263.0, 263.0, 263.0, 263.0, 263.0, 263.0, 263.0, 263.0, 263.0, 263.0, 263.0, 263.0, 263.0, 263.0, 263.0, 263.0, 263.0, 263.0, 263.0, 263.0, 263.0, 263.0, 263.0, 263.0, 263.0, 263.0, 263.0, 263.0, 263.0, 263.0, 263.0, 263.0, 263.0, 263.0, 263.0, 263.0, 263.0, 263.0, 263.0, 263.0, 263.0, 263.0, 263.0, 263.0, 263.0, 263.0, 263.0, 263.0, 263.0, 263.0, 263.0, 263.0, 263.0, 263.0, 263.0, 263.0, 263.0, 263.0, 263.0, 263.0, 263.0, 263.0, 263.0, 263.0, 263.0, 263.0, 263.0, 263.0, 263.0, 263.0, 263.0, 263.0, 263.0, 263.0, 263.0, 263.0, 263.0, 263.0, 263.0, 263.0, 263.0, 263.0, 263.0, 263.0, 263.0, 263.0, 263.0, 263.0, 263.0, 263.0, 263.0, 263.0, 263.0, 263.0, 263.0, 263.0, 263.0, 263.0, 263.0, 263.0, 263.0, 263.0, 263.0, 263.0, 263.0, 263.0, 263.0, 263.0, 263.0, 263.0, 263.0, 263.0, 263.0, 263.0, 263.0, 263.0, 263.0, 263.0, 263.0, 263.0, 263.0, 263.0, 263.0, 263.0, 263.0, 263.0, 263.0, 263.0, 263.0, 263.0, 263.0, 263.0, 263.0, 263.0, 263.0, 263.0, 263.0, 263.0, 263.0, 263.0, 263.0, 263.0, 263.0, 263.0, 263.0, 263.0, 263.0, 263.0, 263.0, 263.0, 263.0, 263.0, 263.0, 263.0, 263.0, 263.0, 263.0, 263.0, 263.0, 263.0, 263.0, 263.0, 263.0, 263.0, 263.0, 263.0, 263.0, 263.0, 263.0, 263.0, 263.0, 263.0, 263.0, 263.0, 263.0, 263.0, 263.0, 263.0, 263.0, 263.0, 263.0, 263.0, 263.0, 263.0, 263.0, 263.0, 263.0, 263.0, 263.0, 263.0, 263.0, 263.0, 263.0, 263.0, 263.0, 263.0, 263.0, 263.0, 263.0, 263.0, 263.0, 263.0, 263.0, 263.0, 263.0, 263.0, 263.0, 263.0, 263.0, 263.0, 263.0, 263.0, 263.0, 263.0, 263.0, 263.0, 263.0, 263.0, 263.0, 263.0, 263.0, 263.0, 263.0, 263.0, 263.0, 263.0, 263.0, 263.0, 263.0, 263.0, 263.0, 263.0, 263.0, 263.0, 263.0, 263.0, 263.0, 263.0, 263.0, 263.0, 263.0, 263.0, 263.0, 263.0, 263.0, 263.0, 263.0, 263.0, 263.0, 263.0, 263.0, 263.0, 263.0, 263.0, 263.0, 263.0, 263.0, 263.0, 263.0, 263.0, 263.0, 263.0, 263.0, 263.0, 263.0, 263.0, 263.0, 263.0, 263.0, 263.0, 263.0, 263.0, 263.0, 263.0, 263.0, 263.0, 263.0, 263.0, 263.0, 263.0, 263.0, 263.0, 263.0, 263.0, 263.0, 263.0, 263.0, 263.0, 263.0, 263.0, 263.0, 263.0, 263.0, 263.0, 263.0, 263.0, 263.0, 263.0, 263.0, 263.0, 263.0, 263.0, 263.0, 263.0, 263.0, 263.0, 263.0, 263.0, 263.0, 263.0, 263.0, 263.0, 263.0, 263.0, 263.0, 263.0, 263.0, 263.0, 263.0, 263.0, 263.0, 263.0, 263.0, 263.0, 263.0, 263.0, 263.0, 263.0, 263.0, 263.0, 263.0, 263.0, 263.0, 263.0, 263.0, 263.0, 263.0, 263.0, 263.0, 263.0, 263.0, 263.0, 263.0, 263.0, 263.0, 263.0, 263.0, 263.0, 263.0, 263.0, 263.0, 263.0];
u9=[3575.0, 1708.0, 960.0, 489.0, 388.0, 364.0, 341.0, 329.0, 329.0, 319.0, 319.0, 308.0, 297.0, 297.0, 297.0, 297.0, 297.0, 297.0, 297.0, 297.0, 297.0, 297.0, 297.0, 297.0, 297.0, 297.0, 297.0, 297.0, 297.0, 297.0, 296.0, 296.0, 296.0, 296.0, 296.0, 296.0, 296.0, 296.0, 296.0, 292.0, 289.0, 289.0, 289.0, 289.0, 289.0, 289.0, 289.0, 289.0, 289.0, 289.0, 289.0, 289.0, 289.0, 289.0, 289.0, 279.0, 279.0, 279.0, 279.0, 279.0, 279.0, 279.0, 279.0, 279.0, 279.0, 279.0, 279.0, 278.0, 278.0, 278.0, 278.0, 278.0, 278.0, 278.0, 278.0, 278.0, 278.0, 278.0, 278.0, 278.0, 278.0, 278.0, 278.0, 278.0, 278.0, 278.0, 278.0, 278.0, 278.0, 278.0, 278.0, 278.0, 278.0, 278.0, 278.0, 278.0, 278.0, 278.0, 278.0, 278.0, 278.0, 278.0, 278.0, 278.0, 278.0, 278.0, 278.0, 278.0, 278.0, 278.0, 278.0, 278.0, 278.0, 278.0, 278.0, 278.0, 278.0, 278.0, 278.0, 278.0, 278.0, 278.0, 278.0, 278.0, 278.0, 278.0, 278.0, 278.0, 278.0, 278.0, 278.0, 278.0, 278.0, 278.0, 278.0, 278.0, 278.0, 278.0, 278.0, 278.0, 278.0, 278.0, 278.0, 278.0, 278.0, 278.0, 278.0, 278.0, 278.0, 278.0, 278.0, 278.0, 278.0, 278.0, 278.0, 278.0, 278.0, 278.0, 278.0, 278.0, 278.0, 278.0, 278.0, 278.0, 278.0, 278.0, 278.0, 278.0, 278.0, 278.0, 278.0, 278.0, 278.0, 278.0, 278.0, 278.0, 278.0, 278.0, 278.0, 278.0, 278.0, 278.0, 278.0, 278.0, 278.0, 278.0, 278.0, 278.0, 278.0, 278.0, 278.0, 278.0, 278.0, 278.0, 278.0, 278.0, 276.0, 276.0, 276.0, 276.0, 276.0, 276.0, 276.0, 276.0, 276.0, 276.0, 276.0, 276.0, 276.0, 276.0, 276.0, 276.0, 276.0, 276.0, 276.0, 276.0, 276.0, 276.0, 276.0, 276.0, 276.0, 276.0, 276.0, 276.0, 276.0, 276.0, 276.0, 276.0, 276.0, 276.0, 276.0, 276.0, 276.0, 276.0, 276.0, 276.0, 276.0, 276.0, 276.0, 276.0, 276.0, 276.0, 276.0, 276.0, 276.0, 276.0, 276.0, 276.0, 276.0, 276.0, 276.0, 276.0, 276.0, 276.0, 276.0, 276.0, 276.0, 276.0, 276.0, 276.0, 276.0, 276.0, 276.0, 276.0, 276.0, 276.0, 276.0, 276.0, 276.0, 276.0, 276.0, 276.0, 276.0, 276.0, 276.0, 276.0, 276.0, 276.0, 276.0, 276.0, 276.0, 276.0, 276.0, 276.0, 276.0, 276.0, 276.0, 276.0, 276.0, 276.0, 276.0, 276.0, 276.0, 276.0, 276.0, 276.0, 276.0, 276.0, 276.0, 276.0, 276.0, 276.0, 276.0, 276.0, 276.0, 276.0, 276.0, 276.0, 276.0, 276.0, 276.0, 276.0, 276.0, 276.0, 276.0, 276.0, 276.0, 276.0, 276.0, 276.0, 276.0, 276.0, 276.0, 276.0, 276.0, 276.0, 276.0, 276.0, 276.0, 276.0, 276.0, 276.0, 276.0, 276.0, 276.0, 276.0, 276.0, 276.0, 276.0, 276.0, 276.0, 276.0, 276.0, 276.0, 276.0, 276.0, 276.0, 276.0, 276.0, 276.0, 276.0, 276.0, 276.0, 276.0, 276.0, 276.0, 276.0, 276.0, 276.0, 276.0, 276.0, 276.0, 276.0, 276.0, 276.0, 276.0, 276.0, 276.0, 276.0, 276.0, 276.0, 276.0, 276.0, 276.0, 276.0, 276.0, 276.0, 276.0, 276.0, 276.0, 276.0, 276.0, 276.0, 276.0, 276.0, 276.0, 276.0, 276.0, 276.0, 276.0, 276.0, 276.0, 276.0, 276.0, 275.0, 275.0, 275.0, 275.0, 275.0, 275.0, 275.0, 275.0, 275.0, 275.0, 275.0, 275.0, 275.0, 275.0, 275.0, 275.0, 275.0, 275.0, 275.0, 275.0, 275.0, 267.0, 267.0, 267.0, 267.0, 267.0, 267.0, 267.0, 267.0, 267.0, 267.0, 267.0, 267.0, 267.0, 267.0, 267.0, 267.0, 267.0, 267.0, 267.0, 267.0, 267.0, 267.0, 267.0, 267.0, 267.0, 267.0, 267.0, 267.0, 267.0, 267.0, 267.0, 267.0, 267.0, 267.0, 267.0, 267.0, 267.0, 267.0, 267.0, 267.0, 267.0, 267.0, 267.0, 267.0, 267.0, 267.0, 267.0, 267.0, 267.0, 267.0, 267.0, 267.0, 267.0, 267.0, 267.0, 267.0, 267.0, 267.0, 267.0, 267.0, 267.0, 267.0, 267.0, 267.0, 267.0, 267.0, 267.0, 267.0, 267.0, 267.0, 267.0, 267.0, 267.0, 267.0, 267.0, 267.0, 267.0, 267.0, 267.0, 267.0, 267.0, 267.0, 267.0, 267.0];
u=[u0; u1; u2; u3; u4; u5; u6; u7; u8; u9; ];
vect=200*(1:length(u0));
taille = length(u0);
umean=zeros(taille,1);
uintervalleincertitude = zeros(taille,2);
for i = 1:taille;
			umean(i) = mean(u(:,i));
			nombredeVecteurs=length(u(:,1));
			uincertitude(i) = std(u(:,i))/sqrt(nombredeVecteurs);
			uintervalleincertitude(i,1) = umean(i) + uincertitude(i)*1.96;
			uintervalleincertitude(i,2) = umean(i) - uincertitude(i)*1.96;
			end;
plot(vect(taille/2:taille),uintervalleincertitude(taille/2:taille,:));
hold on;


%---------------------------------------------------------------------
%Benchmark :data/le450_25b.col
clear all;
figure;
title('data/le450_25b.col,  k =[1]'
xlabel('Nombre d iterations');
ylabel('Energie');

%Constante k : 1.0


%Seed du coloriage : -1302922783
%Recuit Simulé Linéaire
%Nombre d'itération : 99985

u0=[3321.0, 1379.0, 711.0, 431.0, 344.0, 329.0, 308.0, 308.0, 308.0, 299.0, 299.0, 299.0, 298.0, 298.0, 296.0, 296.0, 296.0, 296.0, 296.0, 296.0, 296.0, 296.0, 296.0, 296.0, 296.0, 296.0, 296.0, 296.0, 296.0, 296.0, 296.0, 296.0, 296.0, 296.0, 296.0, 296.0, 296.0, 296.0, 296.0, 296.0, 296.0, 279.0, 276.0, 276.0, 276.0, 276.0, 276.0, 276.0, 276.0, 276.0, 276.0, 276.0, 276.0, 276.0, 276.0, 276.0, 276.0, 276.0, 276.0, 276.0, 276.0, 276.0, 276.0, 276.0, 276.0, 276.0, 276.0, 276.0, 276.0, 276.0, 276.0, 276.0, 276.0, 276.0, 276.0, 276.0, 276.0, 276.0, 276.0, 276.0, 276.0, 276.0, 276.0, 276.0, 276.0, 276.0, 276.0, 276.0, 276.0, 276.0, 276.0, 276.0, 276.0, 276.0, 276.0, 276.0, 276.0, 276.0, 276.0, 276.0, 276.0, 276.0, 276.0, 276.0, 276.0, 276.0, 276.0, 276.0, 276.0, 276.0, 276.0, 276.0, 276.0, 276.0, 276.0, 276.0, 276.0, 276.0, 276.0, 276.0, 276.0, 276.0, 276.0, 276.0, 276.0, 276.0, 276.0, 276.0, 276.0, 276.0, 276.0, 276.0, 276.0, 276.0, 276.0, 276.0, 276.0, 276.0, 276.0, 276.0, 276.0, 276.0, 276.0, 276.0, 276.0, 276.0, 276.0, 276.0, 276.0, 276.0, 276.0, 276.0, 276.0, 276.0, 276.0, 276.0, 276.0, 276.0, 276.0, 276.0, 276.0, 276.0, 276.0, 276.0, 276.0, 276.0, 276.0, 276.0, 276.0, 276.0, 276.0, 276.0, 276.0, 276.0, 276.0, 276.0, 276.0, 276.0, 276.0, 276.0, 276.0, 276.0, 276.0, 276.0, 276.0, 276.0, 276.0, 276.0, 276.0, 276.0, 276.0, 276.0, 276.0, 276.0, 276.0, 276.0, 276.0, 276.0, 276.0, 276.0, 276.0, 276.0, 276.0, 276.0, 276.0, 276.0, 276.0, 276.0, 276.0, 276.0, 276.0, 276.0, 276.0, 276.0, 276.0, 276.0, 276.0, 276.0, 276.0, 276.0, 276.0, 276.0, 276.0, 276.0, 276.0, 276.0, 276.0, 276.0, 276.0, 276.0, 276.0, 276.0, 276.0, 276.0, 276.0, 276.0, 276.0, 276.0, 276.0, 276.0, 276.0, 276.0, 276.0, 276.0, 276.0, 276.0, 276.0, 276.0, 276.0, 276.0, 276.0, 276.0, 276.0, 276.0, 276.0, 276.0, 276.0, 276.0, 276.0, 276.0, 276.0, 276.0, 276.0, 276.0, 276.0, 276.0, 276.0, 276.0, 276.0, 276.0, 276.0, 276.0, 276.0, 276.0, 276.0, 276.0, 276.0, 276.0, 276.0, 276.0, 276.0, 276.0, 276.0, 276.0, 276.0, 276.0, 276.0, 276.0, 276.0, 276.0, 276.0, 276.0, 276.0, 276.0, 276.0, 276.0, 276.0, 276.0, 276.0, 276.0, 276.0, 276.0, 276.0, 276.0, 276.0, 276.0, 276.0, 276.0, 276.0, 276.0, 276.0, 276.0, 276.0, 276.0, 276.0, 276.0, 276.0, 276.0, 276.0, 276.0, 276.0, 276.0, 276.0, 276.0, 276.0, 276.0, 276.0, 276.0, 276.0, 276.0, 276.0, 276.0, 276.0, 276.0, 276.0, 276.0, 276.0, 276.0, 276.0, 276.0, 276.0, 276.0, 276.0, 276.0, 276.0, 276.0, 276.0, 276.0, 276.0, 276.0, 276.0, 276.0, 276.0, 276.0, 276.0, 276.0, 276.0, 276.0, 276.0, 276.0, 276.0, 276.0, 276.0, 276.0, 276.0, 276.0, 276.0, 276.0, 276.0, 276.0, 276.0, 276.0, 276.0, 276.0, 276.0, 276.0, 276.0, 276.0, 276.0, 276.0, 276.0, 276.0, 276.0, 276.0, 276.0, 276.0, 276.0, 276.0, 276.0, 276.0, 276.0, 276.0, 276.0, 276.0, 276.0, 276.0, 276.0, 276.0, 276.0, 276.0, 276.0, 276.0, 276.0, 276.0, 276.0, 276.0, 276.0, 276.0, 276.0, 276.0, 276.0, 276.0, 276.0, 276.0, 276.0, 276.0, 276.0, 276.0, 276.0, 276.0, 276.0, 276.0, 276.0, 276.0, 276.0, 276.0, 276.0, 276.0, 276.0, 276.0, 276.0, 276.0, 276.0, 276.0, 276.0, 276.0, 276.0, 276.0, 276.0, 276.0, 276.0, 276.0, 276.0, 276.0, 276.0, 276.0, 276.0, 276.0, 276.0, 276.0, 276.0, 276.0, 276.0, 276.0, 276.0, 276.0, 276.0, 276.0, 276.0, 276.0, 276.0, 276.0, 276.0, 276.0, 276.0, 276.0, 276.0, 276.0, 276.0, 276.0, 276.0, 276.0, 276.0, 276.0, 276.0, 276.0, 276.0, 276.0, 276.0, 276.0, 276.0, 276.0, 276.0, 276.0, 276.0, 276.0, 276.0, 276.0, 276.0, 276.0, 276.0, 276.0, 276.0, 276.0, 276.0, 276.0, 276.0, 276.0, 276.0];
u1=[3742.0, 1767.0, 848.0, 561.0, 370.0, 326.0, 326.0, 312.0, 311.0, 310.0, 310.0, 310.0, 310.0, 310.0, 310.0, 310.0, 310.0, 310.0, 310.0, 310.0, 310.0, 305.0, 305.0, 305.0, 305.0, 305.0, 305.0, 302.0, 296.0, 296.0, 296.0, 296.0, 296.0, 296.0, 296.0, 296.0, 296.0, 296.0, 296.0, 296.0, 296.0, 296.0, 296.0, 296.0, 296.0, 296.0, 296.0, 294.0, 294.0, 294.0, 294.0, 294.0, 294.0, 294.0, 294.0, 294.0, 294.0, 294.0, 294.0, 294.0, 294.0, 294.0, 294.0, 294.0, 294.0, 294.0, 294.0, 294.0, 294.0, 294.0, 294.0, 294.0, 294.0, 294.0, 294.0, 294.0, 294.0, 294.0, 294.0, 294.0, 294.0, 294.0, 294.0, 294.0, 294.0, 294.0, 293.0, 293.0, 293.0, 293.0, 293.0, 293.0, 293.0, 293.0, 292.0, 292.0, 292.0, 292.0, 292.0, 292.0, 292.0, 292.0, 292.0, 291.0, 291.0, 291.0, 286.0, 286.0, 286.0, 286.0, 286.0, 286.0, 286.0, 286.0, 279.0, 279.0, 279.0, 279.0, 279.0, 279.0, 279.0, 279.0, 279.0, 279.0, 279.0, 279.0, 279.0, 279.0, 279.0, 279.0, 279.0, 279.0, 279.0, 279.0, 279.0, 279.0, 279.0, 279.0, 279.0, 279.0, 279.0, 279.0, 279.0, 279.0, 279.0, 279.0, 279.0, 279.0, 279.0, 279.0, 279.0, 279.0, 279.0, 279.0, 279.0, 279.0, 279.0, 279.0, 279.0, 279.0, 279.0, 279.0, 279.0, 279.0, 279.0, 279.0, 279.0, 279.0, 279.0, 279.0, 279.0, 279.0, 279.0, 279.0, 279.0, 279.0, 279.0, 279.0, 279.0, 279.0, 279.0, 279.0, 279.0, 279.0, 279.0, 279.0, 279.0, 279.0, 279.0, 279.0, 279.0, 279.0, 279.0, 279.0, 279.0, 279.0, 279.0, 279.0, 279.0, 279.0, 279.0, 271.0, 271.0, 271.0, 271.0, 271.0, 271.0, 271.0, 271.0, 271.0, 271.0, 271.0, 271.0, 271.0, 271.0, 271.0, 271.0, 271.0, 271.0, 271.0, 271.0, 271.0, 271.0, 271.0, 271.0, 271.0, 271.0, 271.0, 271.0, 271.0, 271.0, 271.0, 271.0, 271.0, 271.0, 271.0, 271.0, 271.0, 271.0, 271.0, 271.0, 271.0, 271.0, 271.0, 271.0, 271.0, 271.0, 271.0, 271.0, 271.0, 271.0, 271.0, 271.0, 271.0, 271.0, 271.0, 271.0, 271.0, 271.0, 271.0, 271.0, 271.0, 271.0, 271.0, 271.0, 271.0, 271.0, 271.0, 271.0, 271.0, 271.0, 271.0, 271.0, 271.0, 271.0, 271.0, 271.0, 271.0, 271.0, 271.0, 271.0, 271.0, 271.0, 271.0, 271.0, 271.0, 271.0, 271.0, 271.0, 271.0, 271.0, 271.0, 271.0, 271.0, 271.0, 271.0, 271.0, 271.0, 271.0, 271.0, 271.0, 271.0, 271.0, 271.0, 271.0, 271.0, 271.0, 271.0, 271.0, 271.0, 271.0, 271.0, 271.0, 271.0, 271.0, 271.0, 271.0, 271.0, 271.0, 271.0, 271.0, 271.0, 271.0, 271.0, 271.0, 271.0, 271.0, 271.0, 271.0, 271.0, 271.0, 271.0, 271.0, 271.0, 271.0, 271.0, 271.0, 271.0, 271.0, 271.0, 271.0, 271.0, 271.0, 271.0, 271.0, 271.0, 271.0, 271.0, 271.0, 271.0, 271.0, 271.0, 271.0, 271.0, 271.0, 271.0, 271.0, 271.0, 271.0, 271.0, 271.0, 271.0, 271.0, 271.0, 271.0, 271.0, 271.0, 271.0, 271.0, 271.0, 271.0, 271.0, 271.0, 271.0, 271.0, 271.0, 271.0, 271.0, 271.0, 271.0, 271.0, 271.0, 271.0, 271.0, 271.0, 271.0, 271.0, 271.0, 271.0, 271.0, 271.0, 271.0, 271.0, 271.0, 271.0, 271.0, 271.0, 271.0, 271.0, 271.0, 271.0, 271.0, 271.0, 271.0, 271.0, 271.0, 271.0, 271.0, 271.0, 271.0, 271.0, 271.0, 271.0, 271.0, 271.0, 271.0, 271.0, 271.0, 271.0, 271.0, 271.0, 271.0, 271.0, 271.0, 271.0, 271.0, 271.0, 271.0, 271.0, 271.0, 271.0, 271.0, 271.0, 271.0, 271.0, 271.0, 271.0, 271.0, 271.0, 271.0, 271.0, 271.0, 271.0, 271.0, 271.0, 271.0, 271.0, 271.0, 271.0, 271.0, 271.0, 271.0, 271.0, 271.0, 271.0, 271.0, 271.0, 271.0, 271.0, 271.0, 271.0, 271.0, 271.0, 271.0, 271.0, 271.0, 271.0, 271.0, 271.0, 271.0, 271.0, 271.0, 271.0, 271.0, 271.0, 271.0, 271.0, 271.0, 271.0, 271.0, 271.0, 271.0, 271.0, 271.0, 271.0, 271.0, 271.0, 271.0, 271.0, 271.0, 271.0, 271.0, 271.0, 271.0, 271.0, 271.0, 271.0, 271.0, 271.0];
u2=[3292.0, 1475.0, 908.0, 594.0, 462.0, 382.0, 339.0, 317.0, 311.0, 306.0, 300.0, 300.0, 300.0, 300.0, 300.0, 300.0, 300.0, 300.0, 300.0, 300.0, 300.0, 300.0, 300.0, 300.0, 300.0, 289.0, 289.0, 289.0, 289.0, 289.0, 289.0, 289.0, 289.0, 289.0, 289.0, 289.0, 289.0, 289.0, 289.0, 289.0, 289.0, 289.0, 289.0, 286.0, 286.0, 286.0, 286.0, 286.0, 286.0, 286.0, 286.0, 286.0, 286.0, 286.0, 286.0, 286.0, 286.0, 286.0, 286.0, 286.0, 286.0, 286.0, 286.0, 286.0, 286.0, 286.0, 286.0, 286.0, 286.0, 286.0, 286.0, 286.0, 286.0, 286.0, 286.0, 286.0, 286.0, 286.0, 286.0, 286.0, 286.0, 286.0, 286.0, 286.0, 286.0, 286.0, 286.0, 286.0, 286.0, 286.0, 286.0, 286.0, 286.0, 286.0, 286.0, 286.0, 286.0, 286.0, 286.0, 286.0, 286.0, 286.0, 286.0, 286.0, 286.0, 286.0, 286.0, 286.0, 286.0, 286.0, 286.0, 286.0, 286.0, 286.0, 286.0, 286.0, 286.0, 286.0, 286.0, 280.0, 279.0, 279.0, 279.0, 279.0, 279.0, 279.0, 279.0, 279.0, 279.0, 279.0, 279.0, 279.0, 279.0, 279.0, 279.0, 279.0, 279.0, 279.0, 279.0, 279.0, 279.0, 279.0, 279.0, 279.0, 279.0, 279.0, 279.0, 279.0, 279.0, 279.0, 279.0, 279.0, 279.0, 279.0, 279.0, 279.0, 279.0, 279.0, 267.0, 267.0, 267.0, 267.0, 267.0, 267.0, 267.0, 267.0, 267.0, 267.0, 267.0, 267.0, 267.0, 267.0, 267.0, 267.0, 267.0, 267.0, 267.0, 267.0, 267.0, 267.0, 267.0, 267.0, 267.0, 267.0, 267.0, 267.0, 267.0, 267.0, 267.0, 267.0, 267.0, 267.0, 267.0, 267.0, 267.0, 267.0, 267.0, 267.0, 267.0, 267.0, 267.0, 267.0, 267.0, 267.0, 267.0, 267.0, 267.0, 267.0, 267.0, 267.0, 267.0, 267.0, 267.0, 267.0, 267.0, 267.0, 267.0, 267.0, 267.0, 267.0, 267.0, 267.0, 267.0, 267.0, 267.0, 267.0, 267.0, 267.0, 267.0, 267.0, 267.0, 267.0, 267.0, 267.0, 267.0, 267.0, 267.0, 267.0, 267.0, 267.0, 267.0, 267.0, 267.0, 267.0, 267.0, 267.0, 267.0, 267.0, 267.0, 267.0, 267.0, 267.0, 267.0, 267.0, 267.0, 267.0, 267.0, 267.0, 267.0, 267.0, 267.0, 267.0, 267.0, 267.0, 267.0, 267.0, 267.0, 267.0, 267.0, 267.0, 267.0, 267.0, 267.0, 267.0, 267.0, 267.0, 267.0, 267.0, 267.0, 267.0, 267.0, 267.0, 267.0, 267.0, 267.0, 267.0, 267.0, 267.0, 267.0, 267.0, 267.0, 267.0, 267.0, 267.0, 267.0, 267.0, 267.0, 267.0, 267.0, 267.0, 267.0, 267.0, 267.0, 267.0, 267.0, 267.0, 267.0, 267.0, 267.0, 267.0, 267.0, 267.0, 267.0, 267.0, 267.0, 267.0, 267.0, 267.0, 267.0, 267.0, 267.0, 267.0, 267.0, 267.0, 267.0, 267.0, 267.0, 267.0, 267.0, 267.0, 267.0, 267.0, 267.0, 267.0, 267.0, 267.0, 267.0, 267.0, 267.0, 267.0, 267.0, 267.0, 267.0, 267.0, 267.0, 267.0, 267.0, 267.0, 267.0, 267.0, 267.0, 267.0, 267.0, 267.0, 267.0, 267.0, 267.0, 267.0, 267.0, 267.0, 267.0, 267.0, 267.0, 267.0, 267.0, 267.0, 267.0, 267.0, 267.0, 267.0, 267.0, 267.0, 267.0, 267.0, 267.0, 267.0, 267.0, 267.0, 267.0, 267.0, 267.0, 267.0, 267.0, 267.0, 267.0, 267.0, 267.0, 267.0, 267.0, 267.0, 267.0, 267.0, 267.0, 267.0, 267.0, 267.0, 267.0, 267.0, 267.0, 267.0, 267.0, 267.0, 267.0, 267.0, 267.0, 267.0, 267.0, 267.0, 267.0, 267.0, 267.0, 267.0, 267.0, 267.0, 267.0, 267.0, 267.0, 267.0, 267.0, 267.0, 267.0, 267.0, 267.0, 267.0, 267.0, 267.0, 267.0, 267.0, 267.0, 267.0, 267.0, 267.0, 267.0, 267.0, 267.0, 267.0, 267.0, 267.0, 267.0, 267.0, 267.0, 267.0, 267.0, 267.0, 267.0, 267.0, 267.0, 267.0, 267.0, 267.0, 267.0, 267.0, 267.0, 267.0, 267.0, 267.0, 267.0, 267.0, 267.0, 267.0, 267.0, 267.0, 267.0, 267.0, 267.0, 267.0, 267.0, 267.0, 267.0, 267.0, 267.0, 267.0, 267.0, 267.0, 267.0, 267.0, 267.0, 267.0, 267.0, 267.0, 267.0, 267.0, 267.0, 267.0, 267.0, 267.0, 267.0, 267.0, 267.0, 267.0, 267.0, 267.0, 267.0, 267.0, 267.0, 267.0, 267.0, 267.0, 267.0];
u3=[3176.0, 1377.0, 732.0, 518.0, 406.0, 351.0, 334.0, 322.0, 312.0, 305.0, 302.0, 302.0, 302.0, 302.0, 302.0, 302.0, 302.0, 302.0, 302.0, 302.0, 302.0, 302.0, 302.0, 302.0, 302.0, 302.0, 302.0, 302.0, 302.0, 302.0, 302.0, 302.0, 302.0, 302.0, 302.0, 302.0, 284.0, 284.0, 284.0, 284.0, 284.0, 284.0, 284.0, 284.0, 284.0, 284.0, 284.0, 284.0, 284.0, 284.0, 284.0, 284.0, 284.0, 284.0, 284.0, 284.0, 284.0, 284.0, 284.0, 284.0, 284.0, 284.0, 278.0, 278.0, 278.0, 278.0, 278.0, 278.0, 278.0, 278.0, 278.0, 278.0, 278.0, 278.0, 278.0, 278.0, 278.0, 278.0, 278.0, 278.0, 278.0, 278.0, 278.0, 278.0, 278.0, 278.0, 278.0, 278.0, 278.0, 278.0, 278.0, 278.0, 278.0, 278.0, 278.0, 278.0, 278.0, 278.0, 278.0, 278.0, 278.0, 278.0, 278.0, 278.0, 278.0, 278.0, 278.0, 278.0, 278.0, 278.0, 278.0, 278.0, 278.0, 278.0, 278.0, 278.0, 278.0, 278.0, 278.0, 278.0, 278.0, 278.0, 278.0, 278.0, 278.0, 278.0, 278.0, 278.0, 278.0, 278.0, 278.0, 278.0, 278.0, 278.0, 278.0, 278.0, 278.0, 278.0, 278.0, 278.0, 278.0, 278.0, 278.0, 278.0, 278.0, 278.0, 278.0, 278.0, 278.0, 278.0, 278.0, 278.0, 278.0, 278.0, 278.0, 278.0, 278.0, 278.0, 278.0, 278.0, 278.0, 278.0, 278.0, 278.0, 278.0, 278.0, 278.0, 278.0, 278.0, 278.0, 278.0, 278.0, 278.0, 278.0, 278.0, 278.0, 278.0, 278.0, 278.0, 278.0, 278.0, 278.0, 278.0, 278.0, 278.0, 278.0, 278.0, 278.0, 278.0, 278.0, 278.0, 278.0, 278.0, 278.0, 278.0, 278.0, 278.0, 278.0, 278.0, 278.0, 278.0, 278.0, 278.0, 278.0, 278.0, 278.0, 278.0, 278.0, 278.0, 278.0, 278.0, 278.0, 278.0, 278.0, 278.0, 278.0, 278.0, 278.0, 278.0, 278.0, 278.0, 278.0, 278.0, 278.0, 278.0, 278.0, 278.0, 278.0, 278.0, 278.0, 278.0, 278.0, 278.0, 278.0, 278.0, 278.0, 278.0, 278.0, 278.0, 278.0, 278.0, 278.0, 278.0, 278.0, 278.0, 278.0, 278.0, 278.0, 278.0, 278.0, 278.0, 278.0, 278.0, 278.0, 278.0, 278.0, 278.0, 278.0, 278.0, 278.0, 278.0, 278.0, 278.0, 278.0, 278.0, 278.0, 278.0, 278.0, 278.0, 278.0, 278.0, 278.0, 278.0, 278.0, 278.0, 278.0, 278.0, 278.0, 278.0, 278.0, 278.0, 278.0, 278.0, 278.0, 278.0, 278.0, 278.0, 278.0, 278.0, 278.0, 278.0, 278.0, 278.0, 278.0, 278.0, 278.0, 278.0, 278.0, 278.0, 278.0, 278.0, 278.0, 278.0, 278.0, 278.0, 278.0, 278.0, 278.0, 278.0, 278.0, 278.0, 278.0, 278.0, 278.0, 278.0, 278.0, 278.0, 278.0, 278.0, 278.0, 278.0, 278.0, 278.0, 278.0, 278.0, 278.0, 278.0, 278.0, 278.0, 278.0, 278.0, 278.0, 278.0, 278.0, 278.0, 278.0, 278.0, 278.0, 278.0, 278.0, 278.0, 278.0, 278.0, 278.0, 278.0, 278.0, 278.0, 278.0, 278.0, 278.0, 278.0, 278.0, 278.0, 278.0, 278.0, 278.0, 278.0, 278.0, 278.0, 278.0, 278.0, 278.0, 278.0, 278.0, 278.0, 278.0, 278.0, 278.0, 278.0, 278.0, 278.0, 278.0, 278.0, 278.0, 278.0, 278.0, 278.0, 278.0, 278.0, 278.0, 278.0, 278.0, 278.0, 278.0, 278.0, 278.0, 278.0, 278.0, 278.0, 278.0, 278.0, 278.0, 278.0, 278.0, 278.0, 278.0, 278.0, 278.0, 278.0, 278.0, 278.0, 278.0, 278.0, 278.0, 278.0, 278.0, 278.0, 278.0, 278.0, 278.0, 278.0, 278.0, 278.0, 278.0, 278.0, 278.0, 278.0, 278.0, 278.0, 278.0, 278.0, 278.0, 278.0, 278.0, 278.0, 278.0, 278.0, 278.0, 278.0, 278.0, 278.0, 278.0, 278.0, 278.0, 278.0, 278.0, 278.0, 278.0, 278.0, 278.0, 278.0, 278.0, 278.0, 278.0, 278.0, 278.0, 278.0, 278.0, 278.0, 278.0, 278.0, 278.0, 278.0, 278.0, 278.0, 278.0, 278.0, 278.0, 278.0, 278.0, 278.0, 278.0, 278.0, 278.0, 278.0, 278.0, 278.0, 278.0, 278.0, 278.0, 278.0, 278.0, 278.0, 278.0, 278.0, 278.0, 278.0, 278.0, 278.0, 278.0, 278.0, 278.0, 278.0, 278.0, 278.0, 278.0, 278.0, 278.0, 278.0, 278.0, 278.0, 278.0, 278.0, 278.0, 278.0, 278.0, 278.0, 278.0, 278.0];
u4=[3546.0, 1587.0, 829.0, 555.0, 389.0, 368.0, 338.0, 323.0, 318.0, 281.0, 281.0, 281.0, 281.0, 281.0, 281.0, 281.0, 281.0, 281.0, 281.0, 281.0, 281.0, 281.0, 281.0, 281.0, 281.0, 281.0, 281.0, 281.0, 281.0, 281.0, 281.0, 281.0, 281.0, 281.0, 281.0, 276.0, 276.0, 276.0, 276.0, 276.0, 276.0, 276.0, 276.0, 276.0, 276.0, 276.0, 276.0, 276.0, 276.0, 276.0, 276.0, 276.0, 276.0, 276.0, 276.0, 276.0, 276.0, 276.0, 276.0, 276.0, 276.0, 276.0, 276.0, 276.0, 276.0, 276.0, 276.0, 276.0, 276.0, 276.0, 276.0, 276.0, 276.0, 276.0, 276.0, 276.0, 276.0, 276.0, 276.0, 276.0, 276.0, 276.0, 276.0, 276.0, 276.0, 276.0, 276.0, 276.0, 276.0, 276.0, 276.0, 276.0, 276.0, 276.0, 276.0, 276.0, 276.0, 276.0, 276.0, 276.0, 276.0, 276.0, 276.0, 276.0, 276.0, 276.0, 276.0, 276.0, 276.0, 276.0, 276.0, 276.0, 276.0, 276.0, 276.0, 276.0, 276.0, 276.0, 276.0, 276.0, 276.0, 276.0, 276.0, 276.0, 276.0, 276.0, 276.0, 276.0, 276.0, 276.0, 276.0, 276.0, 276.0, 276.0, 276.0, 276.0, 276.0, 276.0, 276.0, 276.0, 276.0, 276.0, 276.0, 276.0, 276.0, 276.0, 276.0, 272.0, 272.0, 272.0, 272.0, 272.0, 272.0, 272.0, 272.0, 272.0, 272.0, 272.0, 272.0, 272.0, 272.0, 272.0, 272.0, 272.0, 272.0, 272.0, 272.0, 272.0, 272.0, 272.0, 272.0, 272.0, 272.0, 272.0, 272.0, 272.0, 272.0, 272.0, 272.0, 272.0, 272.0, 272.0, 272.0, 272.0, 272.0, 272.0, 272.0, 272.0, 272.0, 272.0, 272.0, 272.0, 272.0, 272.0, 272.0, 272.0, 272.0, 272.0, 272.0, 272.0, 272.0, 272.0, 272.0, 272.0, 272.0, 272.0, 272.0, 272.0, 272.0, 272.0, 272.0, 272.0, 272.0, 272.0, 272.0, 272.0, 272.0, 272.0, 272.0, 272.0, 272.0, 272.0, 272.0, 272.0, 272.0, 272.0, 272.0, 272.0, 272.0, 272.0, 272.0, 272.0, 272.0, 272.0, 272.0, 272.0, 272.0, 272.0, 272.0, 272.0, 272.0, 272.0, 272.0, 272.0, 272.0, 272.0, 272.0, 272.0, 272.0, 272.0, 272.0, 272.0, 272.0, 272.0, 272.0, 272.0, 272.0, 272.0, 272.0, 272.0, 272.0, 272.0, 272.0, 272.0, 272.0, 272.0, 272.0, 272.0, 272.0, 272.0, 272.0, 272.0, 272.0, 272.0, 272.0, 272.0, 272.0, 272.0, 272.0, 272.0, 272.0, 272.0, 272.0, 272.0, 272.0, 272.0, 272.0, 272.0, 272.0, 272.0, 272.0, 272.0, 272.0, 272.0, 272.0, 272.0, 272.0, 272.0, 272.0, 272.0, 272.0, 272.0, 272.0, 272.0, 272.0, 272.0, 272.0, 272.0, 272.0, 272.0, 272.0, 272.0, 272.0, 272.0, 272.0, 272.0, 272.0, 272.0, 272.0, 272.0, 272.0, 272.0, 272.0, 272.0, 272.0, 272.0, 272.0, 272.0, 272.0, 272.0, 272.0, 272.0, 272.0, 272.0, 272.0, 272.0, 272.0, 272.0, 272.0, 272.0, 272.0, 272.0, 272.0, 272.0, 272.0, 272.0, 272.0, 272.0, 272.0, 272.0, 272.0, 272.0, 272.0, 272.0, 272.0, 272.0, 272.0, 272.0, 272.0, 272.0, 272.0, 272.0, 272.0, 272.0, 272.0, 272.0, 272.0, 272.0, 272.0, 272.0, 272.0, 272.0, 272.0, 272.0, 272.0, 272.0, 272.0, 272.0, 272.0, 272.0, 272.0, 272.0, 272.0, 272.0, 272.0, 272.0, 272.0, 272.0, 272.0, 272.0, 272.0, 272.0, 272.0, 272.0, 272.0, 272.0, 272.0, 272.0, 272.0, 272.0, 272.0, 272.0, 272.0, 272.0, 272.0, 272.0, 272.0, 272.0, 272.0, 272.0, 272.0, 272.0, 272.0, 272.0, 272.0, 272.0, 272.0, 272.0, 272.0, 272.0, 272.0, 272.0, 272.0, 272.0, 272.0, 272.0, 272.0, 272.0, 272.0, 272.0, 272.0, 272.0, 272.0, 272.0, 272.0, 272.0, 272.0, 272.0, 272.0, 272.0, 272.0, 272.0, 272.0, 272.0, 272.0, 272.0, 272.0, 272.0, 272.0, 272.0, 272.0, 272.0, 272.0, 272.0, 272.0, 272.0, 272.0, 272.0, 272.0, 272.0, 272.0, 272.0, 272.0, 272.0, 272.0, 272.0, 272.0, 272.0, 272.0, 272.0, 272.0, 272.0, 272.0, 272.0, 272.0, 272.0, 272.0, 272.0, 272.0, 272.0, 272.0, 272.0, 272.0, 272.0, 272.0, 272.0, 272.0, 272.0, 272.0, 272.0, 272.0, 272.0, 272.0, 272.0, 272.0, 272.0, 272.0, 272.0, 272.0];
u5=[3402.0, 1441.0, 755.0, 555.0, 390.0, 344.0, 332.0, 322.0, 304.0, 304.0, 304.0, 304.0, 304.0, 303.0, 279.0, 279.0, 279.0, 279.0, 279.0, 279.0, 279.0, 279.0, 279.0, 279.0, 279.0, 279.0, 279.0, 279.0, 279.0, 279.0, 279.0, 279.0, 279.0, 279.0, 279.0, 279.0, 279.0, 279.0, 279.0, 279.0, 279.0, 279.0, 279.0, 279.0, 279.0, 279.0, 279.0, 279.0, 279.0, 279.0, 279.0, 279.0, 279.0, 279.0, 279.0, 279.0, 279.0, 279.0, 279.0, 279.0, 279.0, 279.0, 279.0, 279.0, 279.0, 279.0, 279.0, 279.0, 279.0, 279.0, 279.0, 279.0, 279.0, 279.0, 279.0, 279.0, 279.0, 279.0, 279.0, 279.0, 279.0, 274.0, 274.0, 274.0, 274.0, 274.0, 274.0, 274.0, 274.0, 274.0, 274.0, 274.0, 274.0, 274.0, 274.0, 274.0, 274.0, 274.0, 274.0, 274.0, 274.0, 274.0, 274.0, 274.0, 274.0, 274.0, 274.0, 274.0, 274.0, 274.0, 274.0, 274.0, 274.0, 274.0, 274.0, 274.0, 274.0, 274.0, 274.0, 274.0, 274.0, 274.0, 274.0, 274.0, 274.0, 274.0, 274.0, 274.0, 274.0, 274.0, 274.0, 274.0, 274.0, 274.0, 274.0, 274.0, 274.0, 274.0, 274.0, 274.0, 274.0, 274.0, 274.0, 274.0, 274.0, 274.0, 274.0, 274.0, 274.0, 274.0, 274.0, 274.0, 274.0, 274.0, 274.0, 274.0, 274.0, 274.0, 274.0, 274.0, 274.0, 274.0, 274.0, 274.0, 274.0, 274.0, 274.0, 274.0, 274.0, 274.0, 274.0, 274.0, 274.0, 274.0, 274.0, 274.0, 274.0, 274.0, 274.0, 274.0, 274.0, 274.0, 274.0, 274.0, 274.0, 274.0, 274.0, 274.0, 274.0, 274.0, 274.0, 274.0, 274.0, 274.0, 274.0, 274.0, 274.0, 274.0, 274.0, 274.0, 274.0, 274.0, 274.0, 274.0, 274.0, 274.0, 274.0, 274.0, 274.0, 274.0, 274.0, 274.0, 274.0, 274.0, 274.0, 274.0, 274.0, 274.0, 274.0, 274.0, 274.0, 274.0, 274.0, 274.0, 274.0, 274.0, 274.0, 274.0, 274.0, 274.0, 274.0, 274.0, 274.0, 274.0, 272.0, 272.0, 272.0, 272.0, 272.0, 272.0, 272.0, 272.0, 272.0, 272.0, 272.0, 272.0, 272.0, 272.0, 272.0, 272.0, 272.0, 272.0, 272.0, 272.0, 272.0, 272.0, 272.0, 272.0, 272.0, 272.0, 272.0, 272.0, 272.0, 272.0, 272.0, 272.0, 272.0, 272.0, 272.0, 272.0, 272.0, 272.0, 272.0, 272.0, 272.0, 272.0, 272.0, 272.0, 272.0, 272.0, 272.0, 272.0, 272.0, 272.0, 272.0, 272.0, 272.0, 272.0, 272.0, 272.0, 272.0, 272.0, 272.0, 272.0, 272.0, 272.0, 272.0, 272.0, 272.0, 272.0, 272.0, 272.0, 272.0, 272.0, 272.0, 272.0, 272.0, 272.0, 272.0, 272.0, 272.0, 272.0, 272.0, 272.0, 272.0, 272.0, 272.0, 272.0, 272.0, 272.0, 272.0, 272.0, 272.0, 272.0, 272.0, 272.0, 272.0, 272.0, 272.0, 272.0, 272.0, 272.0, 272.0, 272.0, 272.0, 272.0, 272.0, 272.0, 272.0, 272.0, 272.0, 272.0, 272.0, 272.0, 272.0, 272.0, 272.0, 272.0, 272.0, 272.0, 272.0, 272.0, 272.0, 272.0, 272.0, 272.0, 272.0, 272.0, 272.0, 272.0, 272.0, 272.0, 272.0, 272.0, 272.0, 272.0, 272.0, 272.0, 272.0, 272.0, 272.0, 272.0, 272.0, 272.0, 272.0, 272.0, 272.0, 272.0, 272.0, 272.0, 272.0, 272.0, 272.0, 272.0, 272.0, 272.0, 272.0, 272.0, 272.0, 272.0, 272.0, 272.0, 272.0, 272.0, 272.0, 272.0, 272.0, 272.0, 272.0, 272.0, 272.0, 272.0, 272.0, 272.0, 272.0, 272.0, 272.0, 272.0, 272.0, 272.0, 272.0, 272.0, 272.0, 272.0, 272.0, 272.0, 272.0, 272.0, 272.0, 272.0, 272.0, 272.0, 272.0, 272.0, 272.0, 272.0, 272.0, 272.0, 272.0, 272.0, 272.0, 272.0, 272.0, 272.0, 272.0, 272.0, 272.0, 272.0, 272.0, 272.0, 272.0, 272.0, 272.0, 272.0, 272.0, 272.0, 272.0, 272.0, 272.0, 272.0, 272.0, 272.0, 272.0, 272.0, 272.0, 272.0, 272.0, 272.0, 272.0, 272.0, 272.0, 272.0, 272.0, 272.0, 272.0, 272.0, 272.0, 272.0, 272.0, 272.0, 272.0, 272.0, 272.0, 272.0, 272.0, 272.0, 272.0, 272.0, 272.0, 272.0, 272.0, 272.0, 272.0, 272.0, 272.0, 272.0, 272.0, 272.0, 272.0, 272.0, 272.0, 272.0, 272.0, 272.0, 272.0, 272.0, 272.0, 272.0, 272.0];
u6=[3586.0, 1680.0, 764.0, 469.0, 381.0, 346.0, 331.0, 309.0, 308.0, 301.0, 301.0, 301.0, 301.0, 301.0, 301.0, 301.0, 301.0, 301.0, 301.0, 301.0, 301.0, 299.0, 299.0, 299.0, 299.0, 299.0, 299.0, 299.0, 299.0, 299.0, 299.0, 299.0, 299.0, 299.0, 299.0, 299.0, 299.0, 299.0, 299.0, 299.0, 299.0, 299.0, 299.0, 299.0, 299.0, 299.0, 299.0, 299.0, 299.0, 299.0, 299.0, 299.0, 299.0, 299.0, 299.0, 299.0, 299.0, 299.0, 299.0, 299.0, 299.0, 299.0, 299.0, 299.0, 299.0, 299.0, 299.0, 279.0, 279.0, 279.0, 279.0, 279.0, 279.0, 279.0, 279.0, 279.0, 279.0, 279.0, 279.0, 279.0, 279.0, 279.0, 279.0, 279.0, 279.0, 279.0, 279.0, 279.0, 279.0, 279.0, 279.0, 279.0, 279.0, 279.0, 279.0, 279.0, 279.0, 279.0, 279.0, 279.0, 279.0, 279.0, 279.0, 279.0, 279.0, 279.0, 279.0, 279.0, 279.0, 279.0, 279.0, 279.0, 279.0, 279.0, 279.0, 279.0, 279.0, 279.0, 279.0, 279.0, 279.0, 279.0, 279.0, 279.0, 279.0, 279.0, 279.0, 279.0, 279.0, 279.0, 279.0, 279.0, 279.0, 279.0, 279.0, 279.0, 279.0, 279.0, 279.0, 279.0, 279.0, 279.0, 279.0, 279.0, 279.0, 279.0, 279.0, 279.0, 279.0, 279.0, 279.0, 279.0, 279.0, 279.0, 279.0, 279.0, 279.0, 279.0, 279.0, 279.0, 279.0, 279.0, 279.0, 279.0, 279.0, 279.0, 279.0, 279.0, 279.0, 279.0, 279.0, 279.0, 279.0, 279.0, 279.0, 279.0, 279.0, 279.0, 279.0, 279.0, 279.0, 279.0, 279.0, 279.0, 279.0, 279.0, 279.0, 279.0, 279.0, 279.0, 279.0, 279.0, 279.0, 279.0, 279.0, 279.0, 279.0, 279.0, 279.0, 279.0, 279.0, 279.0, 279.0, 279.0, 279.0, 279.0, 279.0, 279.0, 279.0, 279.0, 278.0, 278.0, 278.0, 278.0, 278.0, 278.0, 278.0, 274.0, 274.0, 274.0, 274.0, 274.0, 274.0, 274.0, 274.0, 274.0, 274.0, 274.0, 274.0, 274.0, 274.0, 274.0, 274.0, 274.0, 274.0, 274.0, 274.0, 274.0, 274.0, 274.0, 274.0, 274.0, 274.0, 274.0, 274.0, 274.0, 274.0, 274.0, 274.0, 274.0, 274.0, 274.0, 274.0, 274.0, 274.0, 274.0, 274.0, 274.0, 274.0, 274.0, 274.0, 274.0, 274.0, 274.0, 274.0, 274.0, 274.0, 274.0, 274.0, 274.0, 274.0, 274.0, 274.0, 274.0, 274.0, 274.0, 274.0, 274.0, 274.0, 274.0, 274.0, 274.0, 274.0, 274.0, 274.0, 274.0, 274.0, 274.0, 274.0, 274.0, 274.0, 274.0, 274.0, 274.0, 274.0, 274.0, 274.0, 274.0, 274.0, 274.0, 274.0, 274.0, 274.0, 274.0, 274.0, 274.0, 274.0, 274.0, 274.0, 274.0, 274.0, 274.0, 274.0, 274.0, 274.0, 274.0, 274.0, 274.0, 274.0, 274.0, 274.0, 274.0, 274.0, 274.0, 274.0, 274.0, 274.0, 274.0, 274.0, 274.0, 274.0, 274.0, 274.0, 274.0, 274.0, 274.0, 274.0, 274.0, 274.0, 274.0, 274.0, 274.0, 274.0, 274.0, 274.0, 274.0, 274.0, 274.0, 274.0, 274.0, 274.0, 274.0, 274.0, 274.0, 274.0, 274.0, 274.0, 274.0, 274.0, 274.0, 274.0, 274.0, 274.0, 274.0, 274.0, 274.0, 274.0, 274.0, 274.0, 274.0, 274.0, 274.0, 274.0, 274.0, 274.0, 274.0, 274.0, 274.0, 274.0, 274.0, 274.0, 274.0, 274.0, 274.0, 274.0, 274.0, 274.0, 274.0, 274.0, 274.0, 274.0, 271.0, 271.0, 271.0, 271.0, 271.0, 271.0, 271.0, 271.0, 271.0, 271.0, 271.0, 271.0, 271.0, 271.0, 271.0, 271.0, 271.0, 271.0, 271.0, 271.0, 271.0, 271.0, 271.0, 271.0, 271.0, 271.0, 271.0, 271.0, 271.0, 271.0, 271.0, 271.0, 271.0, 271.0, 271.0, 271.0, 271.0, 271.0, 271.0, 271.0, 271.0, 271.0, 271.0, 271.0, 271.0, 271.0, 271.0, 271.0, 271.0, 271.0, 271.0, 271.0, 271.0, 271.0, 271.0, 271.0, 271.0, 271.0, 271.0, 271.0, 271.0, 271.0, 271.0, 271.0, 271.0, 271.0, 271.0, 271.0, 271.0, 271.0, 271.0, 271.0, 271.0, 271.0, 271.0, 271.0, 271.0, 271.0, 271.0, 271.0, 271.0, 271.0, 271.0, 271.0, 271.0, 271.0, 271.0, 271.0, 271.0, 271.0, 270.0, 270.0, 270.0, 270.0, 270.0, 270.0, 270.0, 270.0, 270.0, 270.0, 270.0, 270.0, 270.0, 270.0, 270.0, 270.0, 270.0, 270.0];
u7=[3341.0, 1393.0, 670.0, 513.0, 380.0, 361.0, 329.0, 305.0, 305.0, 305.0, 305.0, 305.0, 305.0, 305.0, 305.0, 305.0, 305.0, 305.0, 305.0, 305.0, 305.0, 305.0, 305.0, 305.0, 305.0, 305.0, 305.0, 305.0, 305.0, 305.0, 305.0, 305.0, 305.0, 305.0, 305.0, 305.0, 305.0, 305.0, 305.0, 305.0, 305.0, 305.0, 305.0, 305.0, 305.0, 305.0, 305.0, 305.0, 305.0, 305.0, 305.0, 305.0, 305.0, 305.0, 305.0, 305.0, 301.0, 292.0, 292.0, 292.0, 292.0, 292.0, 292.0, 292.0, 292.0, 292.0, 292.0, 292.0, 292.0, 292.0, 292.0, 292.0, 292.0, 292.0, 292.0, 292.0, 292.0, 292.0, 292.0, 292.0, 292.0, 292.0, 292.0, 292.0, 292.0, 292.0, 292.0, 292.0, 292.0, 292.0, 292.0, 292.0, 292.0, 292.0, 292.0, 292.0, 283.0, 283.0, 283.0, 283.0, 283.0, 283.0, 283.0, 283.0, 283.0, 283.0, 281.0, 281.0, 281.0, 281.0, 281.0, 281.0, 281.0, 281.0, 281.0, 281.0, 281.0, 281.0, 281.0, 281.0, 281.0, 281.0, 281.0, 281.0, 281.0, 281.0, 281.0, 281.0, 281.0, 281.0, 281.0, 281.0, 281.0, 281.0, 281.0, 281.0, 281.0, 281.0, 281.0, 281.0, 281.0, 281.0, 281.0, 281.0, 281.0, 281.0, 281.0, 281.0, 281.0, 281.0, 281.0, 281.0, 281.0, 281.0, 281.0, 281.0, 281.0, 281.0, 281.0, 281.0, 281.0, 281.0, 281.0, 281.0, 281.0, 281.0, 281.0, 281.0, 281.0, 281.0, 281.0, 281.0, 281.0, 281.0, 281.0, 281.0, 281.0, 281.0, 281.0, 281.0, 281.0, 281.0, 281.0, 281.0, 281.0, 281.0, 281.0, 281.0, 281.0, 281.0, 281.0, 281.0, 281.0, 281.0, 281.0, 281.0, 281.0, 281.0, 281.0, 281.0, 281.0, 281.0, 281.0, 281.0, 281.0, 281.0, 281.0, 281.0, 281.0, 281.0, 281.0, 281.0, 281.0, 281.0, 281.0, 281.0, 281.0, 281.0, 281.0, 281.0, 281.0, 281.0, 281.0, 281.0, 281.0, 281.0, 281.0, 281.0, 281.0, 281.0, 281.0, 281.0, 281.0, 281.0, 281.0, 281.0, 281.0, 281.0, 281.0, 281.0, 281.0, 281.0, 281.0, 281.0, 281.0, 281.0, 281.0, 281.0, 281.0, 281.0, 281.0, 281.0, 281.0, 281.0, 281.0, 281.0, 281.0, 281.0, 281.0, 281.0, 281.0, 281.0, 281.0, 281.0, 281.0, 281.0, 281.0, 281.0, 281.0, 281.0, 281.0, 281.0, 281.0, 281.0, 281.0, 281.0, 281.0, 281.0, 281.0, 281.0, 281.0, 281.0, 281.0, 281.0, 281.0, 281.0, 281.0, 281.0, 281.0, 281.0, 281.0, 281.0, 281.0, 281.0, 281.0, 281.0, 281.0, 281.0, 281.0, 281.0, 281.0, 281.0, 281.0, 281.0, 281.0, 281.0, 281.0, 281.0, 281.0, 281.0, 281.0, 281.0, 281.0, 281.0, 281.0, 281.0, 281.0, 281.0, 281.0, 281.0, 281.0, 281.0, 281.0, 281.0, 281.0, 281.0, 281.0, 281.0, 281.0, 281.0, 281.0, 281.0, 281.0, 281.0, 281.0, 281.0, 281.0, 281.0, 281.0, 281.0, 281.0, 281.0, 281.0, 281.0, 281.0, 281.0, 281.0, 281.0, 281.0, 281.0, 281.0, 281.0, 281.0, 281.0, 281.0, 281.0, 281.0, 281.0, 281.0, 281.0, 281.0, 281.0, 281.0, 281.0, 281.0, 281.0, 281.0, 281.0, 281.0, 281.0, 281.0, 281.0, 281.0, 281.0, 281.0, 281.0, 281.0, 281.0, 281.0, 281.0, 281.0, 281.0, 281.0, 281.0, 281.0, 281.0, 281.0, 281.0, 281.0, 281.0, 281.0, 281.0, 281.0, 281.0, 281.0, 281.0, 281.0, 281.0, 281.0, 281.0, 281.0, 281.0, 281.0, 281.0, 281.0, 281.0, 281.0, 281.0, 281.0, 281.0, 281.0, 279.0, 279.0, 279.0, 279.0, 279.0, 279.0, 279.0, 279.0, 279.0, 279.0, 279.0, 279.0, 279.0, 279.0, 279.0, 279.0, 279.0, 279.0, 279.0, 279.0, 279.0, 279.0, 279.0, 279.0, 279.0, 279.0, 279.0, 279.0, 279.0, 279.0, 279.0, 279.0, 279.0, 279.0, 279.0, 279.0, 279.0, 279.0, 279.0, 279.0, 279.0, 279.0, 279.0, 279.0, 279.0, 279.0, 279.0, 279.0, 270.0, 270.0, 270.0, 270.0, 270.0, 270.0, 270.0, 270.0, 270.0, 270.0, 270.0, 270.0, 270.0, 270.0, 270.0, 270.0, 270.0, 270.0, 270.0, 270.0, 270.0, 270.0, 270.0, 270.0, 270.0, 270.0, 270.0, 270.0, 270.0, 270.0, 270.0, 270.0, 270.0, 270.0, 270.0, 270.0, 270.0, 270.0, 270.0, 270.0];
u8=[3166.0, 1298.0, 691.0, 488.0, 400.0, 366.0, 366.0, 311.0, 309.0, 309.0, 309.0, 309.0, 309.0, 309.0, 309.0, 309.0, 309.0, 309.0, 296.0, 296.0, 296.0, 296.0, 296.0, 296.0, 296.0, 296.0, 296.0, 296.0, 296.0, 296.0, 296.0, 296.0, 296.0, 296.0, 296.0, 296.0, 296.0, 296.0, 296.0, 296.0, 296.0, 296.0, 296.0, 295.0, 295.0, 295.0, 295.0, 295.0, 288.0, 273.0, 273.0, 273.0, 273.0, 273.0, 273.0, 273.0, 273.0, 273.0, 273.0, 273.0, 273.0, 273.0, 273.0, 273.0, 273.0, 273.0, 273.0, 273.0, 273.0, 273.0, 273.0, 273.0, 273.0, 273.0, 273.0, 273.0, 273.0, 273.0, 273.0, 273.0, 273.0, 273.0, 273.0, 273.0, 273.0, 273.0, 273.0, 273.0, 273.0, 273.0, 273.0, 273.0, 273.0, 273.0, 273.0, 273.0, 273.0, 273.0, 273.0, 273.0, 273.0, 273.0, 273.0, 273.0, 273.0, 273.0, 273.0, 273.0, 273.0, 273.0, 273.0, 273.0, 273.0, 273.0, 273.0, 273.0, 273.0, 273.0, 273.0, 273.0, 273.0, 273.0, 273.0, 273.0, 273.0, 273.0, 273.0, 273.0, 273.0, 273.0, 273.0, 273.0, 273.0, 273.0, 273.0, 273.0, 273.0, 273.0, 273.0, 273.0, 273.0, 273.0, 273.0, 273.0, 273.0, 273.0, 273.0, 273.0, 273.0, 273.0, 273.0, 273.0, 273.0, 273.0, 273.0, 273.0, 273.0, 273.0, 273.0, 273.0, 273.0, 273.0, 273.0, 273.0, 273.0, 273.0, 273.0, 273.0, 273.0, 273.0, 273.0, 273.0, 273.0, 273.0, 273.0, 273.0, 273.0, 273.0, 273.0, 273.0, 273.0, 273.0, 273.0, 273.0, 273.0, 273.0, 273.0, 273.0, 273.0, 273.0, 270.0, 270.0, 270.0, 270.0, 270.0, 270.0, 270.0, 270.0, 270.0, 270.0, 270.0, 270.0, 270.0, 270.0, 270.0, 270.0, 270.0, 270.0, 270.0, 270.0, 270.0, 270.0, 270.0, 270.0, 270.0, 270.0, 270.0, 270.0, 270.0, 270.0, 270.0, 270.0, 270.0, 270.0, 270.0, 270.0, 270.0, 270.0, 270.0, 270.0, 270.0, 270.0, 270.0, 270.0, 270.0, 270.0, 270.0, 270.0, 270.0, 270.0, 270.0, 270.0, 270.0, 270.0, 270.0, 270.0, 270.0, 270.0, 270.0, 270.0, 270.0, 270.0, 270.0, 270.0, 270.0, 270.0, 270.0, 270.0, 270.0, 270.0, 270.0, 270.0, 270.0, 270.0, 270.0, 270.0, 270.0, 270.0, 270.0, 270.0, 270.0, 270.0, 270.0, 270.0, 270.0, 270.0, 270.0, 270.0, 270.0, 270.0, 270.0, 270.0, 270.0, 270.0, 270.0, 270.0, 270.0, 270.0, 270.0, 270.0, 270.0, 270.0, 270.0, 270.0, 270.0, 270.0, 270.0, 270.0, 269.0, 269.0, 269.0, 269.0, 269.0, 269.0, 269.0, 269.0, 269.0, 269.0, 269.0, 269.0, 269.0, 269.0, 269.0, 269.0, 269.0, 269.0, 269.0, 269.0, 269.0, 269.0, 269.0, 269.0, 269.0, 269.0, 269.0, 269.0, 269.0, 269.0, 269.0, 269.0, 269.0, 269.0, 269.0, 269.0, 269.0, 269.0, 269.0, 269.0, 269.0, 269.0, 269.0, 269.0, 269.0, 269.0, 269.0, 269.0, 269.0, 269.0, 269.0, 269.0, 269.0, 269.0, 269.0, 269.0, 269.0, 269.0, 269.0, 269.0, 269.0, 269.0, 269.0, 269.0, 269.0, 269.0, 269.0, 269.0, 269.0, 269.0, 269.0, 269.0, 269.0, 269.0, 269.0, 269.0, 269.0, 269.0, 269.0, 269.0, 269.0, 269.0, 269.0, 269.0, 269.0, 269.0, 269.0, 269.0, 269.0, 269.0, 269.0, 269.0, 269.0, 269.0, 269.0, 269.0, 269.0, 269.0, 269.0, 269.0, 269.0, 269.0, 269.0, 269.0, 269.0, 269.0, 269.0, 269.0, 269.0, 269.0, 269.0, 269.0, 269.0, 269.0, 269.0, 269.0, 269.0, 269.0, 269.0, 269.0, 269.0, 269.0, 269.0, 269.0, 269.0, 269.0, 269.0, 269.0, 269.0, 269.0, 269.0, 269.0, 269.0, 269.0, 269.0, 269.0, 269.0, 269.0, 269.0, 269.0, 269.0, 269.0, 269.0, 269.0, 269.0, 269.0, 269.0, 269.0, 269.0, 269.0, 269.0, 269.0, 269.0, 269.0, 269.0, 269.0, 269.0, 269.0, 269.0, 269.0, 269.0, 269.0, 269.0, 269.0, 269.0, 269.0, 269.0, 269.0, 269.0, 269.0, 269.0, 269.0, 269.0, 269.0, 269.0, 269.0, 269.0, 269.0, 269.0, 269.0, 269.0, 269.0, 269.0, 269.0, 269.0, 269.0, 269.0, 269.0, 269.0, 269.0, 269.0, 269.0, 269.0, 269.0, 269.0, 269.0, 269.0, 269.0, 269.0, 269.0, 269.0];
u9=[3396.0, 1415.0, 777.0, 499.0, 394.0, 333.0, 305.0, 305.0, 305.0, 305.0, 305.0, 305.0, 305.0, 305.0, 305.0, 305.0, 305.0, 305.0, 305.0, 305.0, 305.0, 305.0, 305.0, 305.0, 305.0, 305.0, 301.0, 288.0, 288.0, 288.0, 288.0, 288.0, 288.0, 288.0, 288.0, 288.0, 288.0, 288.0, 288.0, 288.0, 288.0, 288.0, 288.0, 288.0, 288.0, 288.0, 288.0, 288.0, 288.0, 288.0, 287.0, 287.0, 287.0, 287.0, 287.0, 287.0, 287.0, 287.0, 287.0, 287.0, 287.0, 287.0, 287.0, 287.0, 287.0, 287.0, 287.0, 287.0, 287.0, 287.0, 287.0, 287.0, 287.0, 287.0, 287.0, 287.0, 287.0, 287.0, 287.0, 287.0, 287.0, 287.0, 287.0, 287.0, 287.0, 287.0, 287.0, 287.0, 287.0, 287.0, 287.0, 287.0, 287.0, 287.0, 287.0, 287.0, 287.0, 287.0, 287.0, 279.0, 279.0, 279.0, 279.0, 279.0, 279.0, 279.0, 279.0, 279.0, 279.0, 279.0, 279.0, 279.0, 279.0, 279.0, 279.0, 279.0, 279.0, 279.0, 279.0, 279.0, 279.0, 279.0, 279.0, 279.0, 279.0, 279.0, 279.0, 279.0, 279.0, 279.0, 279.0, 279.0, 279.0, 279.0, 279.0, 279.0, 279.0, 279.0, 279.0, 279.0, 279.0, 279.0, 279.0, 279.0, 279.0, 279.0, 279.0, 279.0, 279.0, 279.0, 279.0, 279.0, 279.0, 279.0, 279.0, 279.0, 279.0, 279.0, 279.0, 279.0, 279.0, 279.0, 279.0, 279.0, 279.0, 279.0, 279.0, 279.0, 279.0, 279.0, 279.0, 279.0, 279.0, 279.0, 279.0, 279.0, 279.0, 279.0, 279.0, 279.0, 279.0, 279.0, 279.0, 279.0, 279.0, 279.0, 279.0, 279.0, 279.0, 279.0, 279.0, 279.0, 279.0, 279.0, 279.0, 279.0, 279.0, 279.0, 279.0, 279.0, 279.0, 279.0, 279.0, 279.0, 279.0, 279.0, 279.0, 279.0, 279.0, 279.0, 279.0, 279.0, 279.0, 279.0, 279.0, 279.0, 279.0, 279.0, 279.0, 279.0, 279.0, 279.0, 279.0, 279.0, 279.0, 279.0, 279.0, 279.0, 279.0, 279.0, 279.0, 279.0, 279.0, 279.0, 272.0, 272.0, 272.0, 272.0, 272.0, 272.0, 272.0, 272.0, 272.0, 272.0, 272.0, 272.0, 272.0, 272.0, 272.0, 272.0, 272.0, 272.0, 272.0, 272.0, 272.0, 272.0, 272.0, 272.0, 272.0, 272.0, 272.0, 272.0, 272.0, 272.0, 272.0, 272.0, 272.0, 272.0, 272.0, 272.0, 272.0, 272.0, 272.0, 272.0, 272.0, 272.0, 272.0, 272.0, 272.0, 272.0, 272.0, 272.0, 272.0, 272.0, 272.0, 272.0, 272.0, 272.0, 272.0, 272.0, 272.0, 272.0, 272.0, 272.0, 272.0, 272.0, 272.0, 272.0, 272.0, 272.0, 272.0, 272.0, 272.0, 272.0, 272.0, 272.0, 272.0, 272.0, 272.0, 272.0, 272.0, 272.0, 272.0, 272.0, 272.0, 272.0, 272.0, 272.0, 272.0, 272.0, 272.0, 272.0, 272.0, 272.0, 272.0, 272.0, 272.0, 272.0, 270.0, 270.0, 270.0, 270.0, 270.0, 270.0, 270.0, 270.0, 270.0, 270.0, 270.0, 270.0, 270.0, 270.0, 270.0, 270.0, 270.0, 270.0, 270.0, 270.0, 270.0, 270.0, 270.0, 270.0, 270.0, 270.0, 270.0, 270.0, 270.0, 270.0, 270.0, 270.0, 270.0, 270.0, 270.0, 270.0, 270.0, 270.0, 270.0, 270.0, 270.0, 270.0, 270.0, 270.0, 270.0, 270.0, 270.0, 270.0, 270.0, 270.0, 270.0, 270.0, 270.0, 270.0, 270.0, 270.0, 270.0, 270.0, 270.0, 270.0, 270.0, 270.0, 270.0, 270.0, 270.0, 270.0, 270.0, 270.0, 270.0, 270.0, 270.0, 270.0, 270.0, 270.0, 270.0, 270.0, 270.0, 270.0, 270.0, 270.0, 270.0, 270.0, 270.0, 270.0, 270.0, 270.0, 270.0, 270.0, 270.0, 270.0, 270.0, 270.0, 270.0, 270.0, 270.0, 270.0, 270.0, 270.0, 270.0, 270.0, 270.0, 270.0, 270.0, 270.0, 270.0, 270.0, 270.0, 270.0, 270.0, 270.0, 270.0, 270.0, 270.0, 270.0, 270.0, 270.0, 270.0, 270.0, 270.0, 270.0, 270.0, 270.0, 270.0, 270.0, 270.0, 270.0, 270.0, 270.0, 270.0, 270.0, 270.0, 270.0, 270.0, 270.0, 270.0, 270.0, 270.0, 270.0, 270.0, 270.0, 270.0, 270.0, 270.0, 270.0, 270.0, 270.0, 270.0, 270.0, 270.0, 270.0, 270.0, 270.0, 270.0, 270.0, 270.0, 270.0, 270.0, 270.0, 270.0, 270.0, 270.0, 270.0, 270.0, 270.0, 270.0, 270.0, 270.0, 270.0, 270.0, 270.0, 270.0];
u=[u0; u1; u2; u3; u4; u5; u6; u7; u8; u9; ];
vect=200*(1:length(u0));
taille = length(u0);
umean=zeros(taille,1);
uintervalleincertitude = zeros(taille,2);
for i = 1:taille;
			umean(i) = mean(u(:,i));
			nombredeVecteurs=length(u(:,1));
			uincertitude(i) = std(u(:,i))/sqrt(nombredeVecteurs);
			uintervalleincertitude(i,1) = umean(i) + uincertitude(i)*1.96;
			uintervalleincertitude(i,2) = umean(i) - uincertitude(i)*1.96;
			end;
plot(vect(taille/2:taille),uintervalleincertitude(taille/2:taille,:));
hold on;
