%Sortie Graphique : 
%Taille Echantillon : 10
%Echantillonnage : 200
%Température de départ : 7000.0
%Température de fin : 0.0


%---------------------------------------------------------------------
%Benchmark :data/le450_25c.col
clear all;
figure;
title('data/le450_25c.col,  k =[1]'
xlabel('Nombre d iterations');
ylabel('Energie');

%Constante k : 1.0
Facteur : 0.5


%Seed du coloriage : -1073543711
%Recuit Simulé Exponentiel avec k l'energie moyenne
%Nombre d'itération : 100000

u0=[7147.0, 3072.0, 1506.0, 856.0, 551.0, 433.0, 387.0, 350.0, 325.0, 303.0, 280.0, 267.0, 250.0, 247.0, 240.0, 233.0, 226.0, 224.0, 214.0, 204.0, 195.0, 187.0, 180.0, 174.0, 173.0, 167.0, 164.0, 164.0, 164.0, 161.0, 159.0, 158.0, 154.0, 153.0, 152.0, 151.0, 149.0, 144.0, 142.0, 142.0, 141.0, 137.0, 135.0, 134.0, 133.0, 132.0, 130.0, 129.0, 127.0, 126.0, 126.0, 126.0, 126.0, 125.0, 124.0, 123.0, 123.0, 123.0, 121.0, 120.0, 119.0, 116.0, 116.0, 114.0, 114.0, 113.0, 113.0, 113.0, 112.0, 111.0, 109.0, 109.0, 109.0, 108.0, 108.0, 108.0, 108.0, 107.0, 107.0, 106.0, 106.0, 106.0, 106.0, 105.0, 104.0, 104.0, 102.0, 102.0, 101.0, 100.0, 100.0, 100.0, 100.0, 100.0, 100.0, 99.0, 99.0, 98.0, 98.0, 98.0, 96.0, 96.0, 96.0, 96.0, 96.0, 96.0, 95.0, 95.0, 95.0, 95.0, 95.0, 95.0, 95.0, 95.0, 94.0, 94.0, 93.0, 93.0, 93.0, 93.0, 93.0, 93.0, 91.0, 91.0, 91.0, 90.0, 89.0, 89.0, 89.0, 88.0, 88.0, 87.0, 86.0, 86.0, 86.0, 86.0, 85.0, 85.0, 85.0, 85.0, 85.0, 85.0, 84.0, 84.0, 84.0, 84.0, 84.0, 84.0, 84.0, 84.0, 82.0, 82.0, 82.0, 81.0, 81.0, 81.0, 81.0, 80.0, 80.0, 80.0, 79.0, 79.0, 79.0, 79.0, 79.0, 79.0, 79.0, 79.0, 79.0, 79.0, 78.0, 78.0, 78.0, 78.0, 78.0, 78.0, 78.0, 78.0, 78.0, 78.0, 78.0, 78.0, 78.0, 78.0, 78.0, 78.0, 78.0, 78.0, 77.0, 77.0, 75.0, 75.0, 75.0, 75.0, 75.0, 75.0, 74.0, 74.0, 74.0, 73.0, 73.0, 73.0, 73.0, 73.0, 73.0, 73.0, 73.0, 72.0, 72.0, 70.0, 70.0, 70.0, 70.0, 70.0, 70.0, 70.0, 69.0, 69.0, 68.0, 67.0, 67.0, 67.0, 67.0, 67.0, 67.0, 67.0, 67.0, 67.0, 67.0, 67.0, 67.0, 65.0, 65.0, 65.0, 65.0, 64.0, 64.0, 63.0, 63.0, 63.0, 63.0, 63.0, 63.0, 63.0, 63.0, 63.0, 63.0, 63.0, 63.0, 63.0, 63.0, 63.0, 63.0, 63.0, 63.0, 63.0, 63.0, 63.0, 63.0, 63.0, 63.0, 63.0, 62.0, 62.0, 62.0, 62.0, 62.0, 62.0, 62.0, 62.0, 62.0, 62.0, 61.0, 61.0, 61.0, 61.0, 61.0, 61.0, 61.0, 61.0, 61.0, 61.0, 60.0, 59.0, 59.0, 59.0, 59.0, 59.0, 59.0, 59.0, 59.0, 59.0, 59.0, 59.0, 59.0, 59.0, 59.0, 59.0, 59.0, 59.0, 59.0, 59.0, 59.0, 59.0, 59.0, 59.0, 59.0, 59.0, 59.0, 59.0, 59.0, 59.0, 59.0, 59.0, 59.0, 58.0, 58.0, 58.0, 58.0, 58.0, 58.0, 58.0, 58.0, 58.0, 58.0, 58.0, 58.0, 58.0, 58.0, 57.0, 57.0, 57.0, 57.0, 57.0, 57.0, 57.0, 57.0, 57.0, 57.0, 57.0, 57.0, 56.0, 56.0, 56.0, 56.0, 56.0, 56.0, 56.0, 56.0, 56.0, 56.0, 56.0, 56.0, 56.0, 56.0, 56.0, 56.0, 56.0, 56.0, 56.0, 56.0, 56.0, 56.0, 56.0, 56.0, 56.0, 56.0, 56.0, 56.0, 56.0, 56.0, 56.0, 56.0, 56.0, 55.0, 55.0, 55.0, 55.0, 55.0, 55.0, 55.0, 55.0, 55.0, 55.0, 55.0, 55.0, 55.0, 55.0, 55.0, 55.0, 55.0, 55.0, 55.0, 55.0, 55.0, 55.0, 55.0, 55.0, 55.0, 55.0, 54.0, 54.0, 54.0, 54.0, 54.0, 54.0, 54.0, 54.0, 54.0, 54.0, 54.0, 54.0, 54.0, 54.0, 54.0, 54.0, 54.0, 54.0, 54.0, 54.0, 54.0, 54.0, 54.0, 54.0, 54.0, 54.0, 54.0, 54.0, 53.0, 53.0, 53.0, 53.0, 53.0, 53.0, 53.0, 53.0, 53.0, 53.0, 53.0, 53.0, 53.0, 53.0, 53.0, 53.0, 53.0, 52.0, 52.0, 52.0, 52.0, 52.0, 52.0, 52.0, 52.0, 52.0, 52.0, 52.0, 52.0, 52.0, 52.0, 52.0, 52.0, 52.0, 52.0, 52.0, 52.0, 52.0, 52.0, 52.0, 52.0, 52.0, 52.0, 51.0, 51.0, 51.0, 51.0, 51.0, 51.0, 51.0, 51.0, 51.0, 51.0, 51.0, 51.0, 51.0, 51.0, 51.0, 51.0, 51.0, 50.0, 50.0, 49.0, 49.0, 49.0, 49.0, 49.0, 49.0, 49.0, 49.0, 49.0];
u1=[6858.0, 3012.0, 1573.0, 777.0, 520.0, 420.0, 370.0, 334.0, 324.0, 300.0, 288.0, 274.0, 259.0, 241.0, 232.0, 224.0, 218.0, 207.0, 203.0, 200.0, 196.0, 192.0, 187.0, 186.0, 182.0, 178.0, 178.0, 177.0, 176.0, 175.0, 174.0, 173.0, 173.0, 172.0, 169.0, 164.0, 163.0, 161.0, 160.0, 160.0, 158.0, 156.0, 153.0, 153.0, 149.0, 147.0, 144.0, 144.0, 144.0, 141.0, 140.0, 140.0, 139.0, 138.0, 134.0, 133.0, 132.0, 130.0, 130.0, 128.0, 127.0, 127.0, 127.0, 126.0, 126.0, 124.0, 122.0, 122.0, 121.0, 120.0, 120.0, 120.0, 118.0, 118.0, 115.0, 112.0, 110.0, 108.0, 106.0, 103.0, 103.0, 103.0, 102.0, 102.0, 102.0, 101.0, 99.0, 99.0, 99.0, 99.0, 99.0, 98.0, 98.0, 98.0, 98.0, 98.0, 98.0, 96.0, 96.0, 96.0, 94.0, 93.0, 93.0, 93.0, 93.0, 92.0, 92.0, 92.0, 92.0, 92.0, 92.0, 91.0, 90.0, 90.0, 90.0, 90.0, 89.0, 89.0, 88.0, 87.0, 87.0, 87.0, 87.0, 85.0, 85.0, 85.0, 85.0, 85.0, 84.0, 84.0, 83.0, 83.0, 82.0, 82.0, 82.0, 82.0, 82.0, 82.0, 82.0, 82.0, 82.0, 82.0, 82.0, 82.0, 82.0, 82.0, 82.0, 82.0, 82.0, 82.0, 81.0, 81.0, 80.0, 80.0, 80.0, 79.0, 79.0, 79.0, 78.0, 78.0, 78.0, 78.0, 77.0, 77.0, 77.0, 76.0, 76.0, 74.0, 74.0, 74.0, 74.0, 74.0, 74.0, 74.0, 73.0, 73.0, 72.0, 72.0, 72.0, 72.0, 72.0, 72.0, 71.0, 71.0, 71.0, 71.0, 71.0, 71.0, 71.0, 71.0, 71.0, 71.0, 71.0, 71.0, 71.0, 71.0, 71.0, 71.0, 71.0, 71.0, 71.0, 70.0, 70.0, 69.0, 69.0, 69.0, 69.0, 69.0, 69.0, 69.0, 69.0, 69.0, 69.0, 69.0, 69.0, 69.0, 69.0, 69.0, 69.0, 69.0, 69.0, 69.0, 69.0, 69.0, 69.0, 69.0, 69.0, 69.0, 69.0, 69.0, 69.0, 69.0, 69.0, 67.0, 67.0, 67.0, 67.0, 67.0, 66.0, 65.0, 65.0, 65.0, 65.0, 65.0, 65.0, 65.0, 65.0, 65.0, 65.0, 65.0, 65.0, 65.0, 65.0, 65.0, 65.0, 64.0, 63.0, 63.0, 63.0, 62.0, 62.0, 62.0, 62.0, 62.0, 62.0, 62.0, 62.0, 62.0, 62.0, 62.0, 61.0, 61.0, 61.0, 61.0, 60.0, 60.0, 60.0, 60.0, 60.0, 60.0, 60.0, 60.0, 60.0, 60.0, 60.0, 60.0, 60.0, 59.0, 59.0, 59.0, 59.0, 59.0, 59.0, 59.0, 59.0, 59.0, 59.0, 59.0, 59.0, 59.0, 59.0, 59.0, 59.0, 59.0, 59.0, 59.0, 59.0, 59.0, 59.0, 59.0, 59.0, 59.0, 59.0, 59.0, 59.0, 59.0, 59.0, 59.0, 59.0, 57.0, 57.0, 57.0, 57.0, 57.0, 57.0, 57.0, 57.0, 57.0, 57.0, 57.0, 57.0, 57.0, 57.0, 57.0, 57.0, 57.0, 57.0, 57.0, 57.0, 57.0, 57.0, 57.0, 57.0, 57.0, 57.0, 57.0, 57.0, 57.0, 56.0, 56.0, 56.0, 56.0, 56.0, 56.0, 56.0, 56.0, 56.0, 56.0, 56.0, 56.0, 56.0, 56.0, 56.0, 56.0, 56.0, 56.0, 56.0, 56.0, 56.0, 56.0, 56.0, 56.0, 56.0, 56.0, 56.0, 56.0, 56.0, 56.0, 56.0, 56.0, 56.0, 56.0, 56.0, 56.0, 56.0, 56.0, 56.0, 56.0, 56.0, 56.0, 56.0, 56.0, 56.0, 56.0, 56.0, 56.0, 56.0, 56.0, 56.0, 56.0, 56.0, 56.0, 56.0, 56.0, 56.0, 56.0, 56.0, 56.0, 56.0, 56.0, 56.0, 56.0, 56.0, 56.0, 56.0, 56.0, 55.0, 55.0, 55.0, 55.0, 55.0, 55.0, 55.0, 55.0, 55.0, 55.0, 55.0, 55.0, 55.0, 55.0, 55.0, 55.0, 55.0, 55.0, 55.0, 55.0, 55.0, 55.0, 55.0, 55.0, 55.0, 55.0, 55.0, 55.0, 55.0, 55.0, 55.0, 55.0, 55.0, 55.0, 55.0, 55.0, 55.0, 55.0, 55.0, 55.0, 55.0, 55.0, 55.0, 54.0, 54.0, 54.0, 54.0, 54.0, 54.0, 54.0, 54.0, 54.0, 54.0, 54.0, 54.0, 54.0, 54.0, 54.0, 54.0, 54.0, 54.0, 54.0, 54.0, 54.0, 54.0, 54.0, 54.0, 54.0, 54.0, 54.0, 54.0, 54.0, 54.0, 54.0, 54.0, 54.0, 54.0, 54.0, 54.0, 54.0, 54.0, 54.0, 54.0];
u2=[7488.0, 3150.0, 1841.0, 932.0, 612.0, 482.0, 401.0, 357.0, 320.0, 297.0, 280.0, 267.0, 252.0, 241.0, 233.0, 226.0, 219.0, 214.0, 206.0, 199.0, 194.0, 191.0, 188.0, 184.0, 182.0, 175.0, 175.0, 174.0, 168.0, 166.0, 163.0, 163.0, 163.0, 162.0, 160.0, 160.0, 157.0, 155.0, 154.0, 153.0, 152.0, 149.0, 148.0, 147.0, 146.0, 144.0, 143.0, 139.0, 138.0, 136.0, 135.0, 134.0, 132.0, 131.0, 129.0, 127.0, 127.0, 127.0, 126.0, 125.0, 123.0, 123.0, 123.0, 123.0, 121.0, 121.0, 120.0, 119.0, 118.0, 117.0, 116.0, 116.0, 116.0, 116.0, 114.0, 113.0, 111.0, 110.0, 109.0, 109.0, 107.0, 106.0, 106.0, 106.0, 105.0, 105.0, 105.0, 105.0, 104.0, 103.0, 103.0, 103.0, 102.0, 102.0, 101.0, 100.0, 100.0, 100.0, 100.0, 100.0, 98.0, 98.0, 95.0, 95.0, 95.0, 94.0, 94.0, 94.0, 94.0, 93.0, 90.0, 90.0, 89.0, 89.0, 89.0, 89.0, 89.0, 89.0, 88.0, 88.0, 88.0, 87.0, 87.0, 87.0, 86.0, 86.0, 86.0, 86.0, 86.0, 86.0, 86.0, 86.0, 86.0, 85.0, 85.0, 85.0, 85.0, 85.0, 85.0, 85.0, 85.0, 85.0, 85.0, 85.0, 85.0, 85.0, 84.0, 84.0, 83.0, 83.0, 82.0, 82.0, 81.0, 81.0, 80.0, 80.0, 80.0, 80.0, 79.0, 79.0, 78.0, 78.0, 78.0, 77.0, 77.0, 77.0, 77.0, 77.0, 77.0, 77.0, 77.0, 77.0, 77.0, 77.0, 77.0, 77.0, 77.0, 77.0, 77.0, 77.0, 77.0, 77.0, 77.0, 77.0, 76.0, 76.0, 76.0, 75.0, 75.0, 75.0, 75.0, 75.0, 75.0, 75.0, 75.0, 75.0, 75.0, 75.0, 75.0, 75.0, 75.0, 75.0, 75.0, 74.0, 73.0, 73.0, 73.0, 73.0, 73.0, 73.0, 73.0, 73.0, 73.0, 73.0, 73.0, 73.0, 73.0, 73.0, 73.0, 73.0, 73.0, 73.0, 73.0, 73.0, 71.0, 71.0, 71.0, 71.0, 71.0, 71.0, 71.0, 71.0, 71.0, 71.0, 71.0, 71.0, 71.0, 71.0, 71.0, 71.0, 71.0, 71.0, 71.0, 71.0, 71.0, 71.0, 71.0, 70.0, 70.0, 70.0, 70.0, 70.0, 70.0, 70.0, 70.0, 70.0, 70.0, 70.0, 70.0, 70.0, 70.0, 70.0, 70.0, 70.0, 70.0, 69.0, 69.0, 69.0, 69.0, 69.0, 69.0, 69.0, 69.0, 69.0, 69.0, 69.0, 69.0, 69.0, 69.0, 69.0, 69.0, 69.0, 69.0, 69.0, 69.0, 69.0, 69.0, 69.0, 69.0, 68.0, 68.0, 68.0, 68.0, 68.0, 68.0, 68.0, 68.0, 68.0, 68.0, 68.0, 68.0, 68.0, 68.0, 68.0, 68.0, 68.0, 68.0, 68.0, 68.0, 68.0, 68.0, 68.0, 68.0, 67.0, 67.0, 67.0, 67.0, 67.0, 67.0, 67.0, 67.0, 67.0, 67.0, 67.0, 67.0, 67.0, 67.0, 67.0, 67.0, 67.0, 67.0, 67.0, 67.0, 67.0, 67.0, 67.0, 67.0, 67.0, 67.0, 67.0, 67.0, 67.0, 67.0, 67.0, 67.0, 67.0, 67.0, 65.0, 65.0, 65.0, 65.0, 65.0, 65.0, 65.0, 65.0, 65.0, 64.0, 64.0, 64.0, 64.0, 64.0, 64.0, 64.0, 64.0, 63.0, 62.0, 62.0, 62.0, 62.0, 62.0, 62.0, 62.0, 62.0, 61.0, 61.0, 61.0, 61.0, 61.0, 61.0, 61.0, 61.0, 61.0, 61.0, 61.0, 61.0, 61.0, 61.0, 61.0, 61.0, 61.0, 61.0, 61.0, 61.0, 61.0, 61.0, 61.0, 61.0, 60.0, 60.0, 60.0, 60.0, 60.0, 60.0, 60.0, 60.0, 60.0, 60.0, 60.0, 60.0, 60.0, 60.0, 60.0, 60.0, 60.0, 60.0, 60.0, 60.0, 60.0, 60.0, 60.0, 60.0, 60.0, 60.0, 60.0, 60.0, 60.0, 60.0, 60.0, 60.0, 60.0, 60.0, 60.0, 59.0, 59.0, 59.0, 59.0, 59.0, 59.0, 59.0, 58.0, 58.0, 58.0, 58.0, 58.0, 58.0, 58.0, 58.0, 58.0, 58.0, 58.0, 58.0, 58.0, 58.0, 58.0, 58.0, 58.0, 58.0, 58.0, 58.0, 58.0, 58.0, 58.0, 58.0, 58.0, 58.0, 58.0, 58.0, 58.0, 58.0, 58.0, 58.0, 58.0, 58.0, 58.0, 58.0, 58.0, 58.0, 58.0, 58.0, 58.0, 58.0, 58.0, 58.0, 58.0, 58.0, 58.0, 58.0, 58.0, 58.0, 58.0, 58.0, 58.0, 58.0, 58.0, 58.0, 58.0, 58.0, 58.0, 58.0];
u3=[7081.0, 2916.0, 1476.0, 787.0, 544.0, 460.0, 403.0, 361.0, 327.0, 306.0, 286.0, 271.0, 259.0, 242.0, 237.0, 227.0, 218.0, 212.0, 208.0, 202.0, 195.0, 195.0, 191.0, 187.0, 186.0, 186.0, 182.0, 181.0, 180.0, 175.0, 173.0, 172.0, 170.0, 167.0, 162.0, 156.0, 155.0, 154.0, 154.0, 150.0, 148.0, 147.0, 145.0, 143.0, 141.0, 141.0, 140.0, 140.0, 140.0, 136.0, 135.0, 134.0, 133.0, 132.0, 130.0, 129.0, 128.0, 128.0, 127.0, 126.0, 123.0, 123.0, 122.0, 121.0, 121.0, 121.0, 121.0, 120.0, 119.0, 119.0, 118.0, 117.0, 116.0, 116.0, 116.0, 116.0, 116.0, 116.0, 115.0, 112.0, 111.0, 107.0, 107.0, 107.0, 107.0, 107.0, 105.0, 105.0, 105.0, 105.0, 105.0, 105.0, 103.0, 103.0, 103.0, 103.0, 103.0, 102.0, 102.0, 101.0, 100.0, 100.0, 99.0, 98.0, 98.0, 98.0, 98.0, 96.0, 96.0, 96.0, 95.0, 95.0, 95.0, 95.0, 94.0, 94.0, 94.0, 94.0, 94.0, 94.0, 92.0, 91.0, 90.0, 90.0, 89.0, 89.0, 89.0, 88.0, 88.0, 88.0, 88.0, 87.0, 87.0, 87.0, 87.0, 87.0, 87.0, 87.0, 86.0, 85.0, 85.0, 85.0, 85.0, 85.0, 85.0, 85.0, 85.0, 84.0, 84.0, 83.0, 83.0, 83.0, 83.0, 83.0, 83.0, 83.0, 83.0, 83.0, 82.0, 82.0, 82.0, 82.0, 82.0, 82.0, 82.0, 82.0, 82.0, 82.0, 82.0, 81.0, 81.0, 80.0, 80.0, 80.0, 80.0, 80.0, 80.0, 80.0, 80.0, 80.0, 80.0, 80.0, 79.0, 79.0, 79.0, 79.0, 79.0, 78.0, 78.0, 77.0, 76.0, 75.0, 75.0, 75.0, 75.0, 75.0, 75.0, 75.0, 75.0, 75.0, 75.0, 75.0, 75.0, 75.0, 75.0, 75.0, 75.0, 75.0, 75.0, 75.0, 75.0, 75.0, 75.0, 74.0, 74.0, 74.0, 73.0, 73.0, 73.0, 73.0, 73.0, 72.0, 72.0, 71.0, 71.0, 71.0, 71.0, 71.0, 71.0, 71.0, 71.0, 71.0, 71.0, 70.0, 70.0, 70.0, 70.0, 70.0, 70.0, 70.0, 70.0, 70.0, 70.0, 70.0, 70.0, 70.0, 70.0, 70.0, 70.0, 70.0, 70.0, 70.0, 70.0, 69.0, 69.0, 69.0, 69.0, 68.0, 68.0, 67.0, 67.0, 67.0, 67.0, 67.0, 67.0, 67.0, 67.0, 67.0, 67.0, 66.0, 66.0, 66.0, 66.0, 66.0, 66.0, 66.0, 66.0, 66.0, 66.0, 66.0, 66.0, 66.0, 66.0, 66.0, 66.0, 66.0, 66.0, 66.0, 65.0, 65.0, 65.0, 65.0, 65.0, 65.0, 65.0, 65.0, 65.0, 65.0, 65.0, 65.0, 65.0, 65.0, 65.0, 65.0, 65.0, 65.0, 65.0, 64.0, 64.0, 64.0, 64.0, 64.0, 64.0, 64.0, 64.0, 64.0, 63.0, 63.0, 63.0, 63.0, 63.0, 62.0, 62.0, 62.0, 62.0, 62.0, 62.0, 62.0, 62.0, 62.0, 62.0, 61.0, 61.0, 61.0, 61.0, 60.0, 60.0, 60.0, 59.0, 59.0, 59.0, 59.0, 59.0, 59.0, 59.0, 59.0, 59.0, 59.0, 59.0, 59.0, 59.0, 59.0, 58.0, 58.0, 58.0, 57.0, 57.0, 57.0, 57.0, 57.0, 57.0, 57.0, 57.0, 57.0, 57.0, 57.0, 57.0, 57.0, 57.0, 57.0, 57.0, 57.0, 57.0, 57.0, 57.0, 57.0, 57.0, 57.0, 57.0, 57.0, 57.0, 57.0, 57.0, 57.0, 57.0, 57.0, 57.0, 57.0, 57.0, 57.0, 57.0, 57.0, 57.0, 57.0, 57.0, 57.0, 57.0, 57.0, 57.0, 57.0, 57.0, 57.0, 57.0, 57.0, 57.0, 57.0, 57.0, 57.0, 57.0, 57.0, 57.0, 57.0, 57.0, 57.0, 57.0, 57.0, 57.0, 57.0, 57.0, 57.0, 57.0, 57.0, 57.0, 56.0, 56.0, 56.0, 56.0, 55.0, 53.0, 53.0, 53.0, 53.0, 53.0, 53.0, 53.0, 53.0, 53.0, 53.0, 53.0, 53.0, 53.0, 53.0, 53.0, 53.0, 53.0, 53.0, 53.0, 53.0, 53.0, 53.0, 53.0, 53.0, 53.0, 52.0, 52.0, 52.0, 52.0, 52.0, 52.0, 52.0, 51.0, 51.0, 51.0, 51.0, 51.0, 51.0, 51.0, 51.0, 51.0, 51.0, 51.0, 51.0, 51.0, 51.0, 51.0, 51.0, 51.0, 51.0, 51.0, 51.0, 51.0, 51.0, 51.0, 51.0, 51.0, 51.0, 51.0, 51.0, 51.0, 51.0, 51.0, 51.0, 51.0, 51.0, 51.0, 51.0, 51.0, 51.0, 51.0];
u4=[7129.0, 2707.0, 1278.0, 767.0, 510.0, 436.0, 401.0, 368.0, 337.0, 310.0, 297.0, 280.0, 268.0, 255.0, 247.0, 238.0, 237.0, 226.0, 223.0, 219.0, 216.0, 214.0, 206.0, 203.0, 197.0, 195.0, 188.0, 186.0, 182.0, 179.0, 178.0, 173.0, 169.0, 166.0, 164.0, 159.0, 159.0, 157.0, 153.0, 151.0, 148.0, 147.0, 146.0, 145.0, 145.0, 145.0, 143.0, 143.0, 143.0, 140.0, 140.0, 139.0, 139.0, 136.0, 135.0, 135.0, 134.0, 134.0, 134.0, 133.0, 132.0, 129.0, 129.0, 128.0, 128.0, 128.0, 126.0, 125.0, 125.0, 123.0, 123.0, 123.0, 122.0, 122.0, 122.0, 119.0, 119.0, 118.0, 117.0, 117.0, 116.0, 114.0, 114.0, 113.0, 113.0, 113.0, 113.0, 113.0, 113.0, 113.0, 113.0, 111.0, 110.0, 110.0, 108.0, 108.0, 106.0, 106.0, 106.0, 106.0, 106.0, 105.0, 103.0, 101.0, 99.0, 99.0, 99.0, 98.0, 98.0, 98.0, 98.0, 98.0, 98.0, 97.0, 96.0, 96.0, 96.0, 96.0, 95.0, 95.0, 94.0, 94.0, 94.0, 94.0, 93.0, 92.0, 92.0, 91.0, 91.0, 91.0, 91.0, 90.0, 90.0, 90.0, 90.0, 90.0, 90.0, 90.0, 90.0, 90.0, 90.0, 88.0, 88.0, 87.0, 87.0, 87.0, 87.0, 86.0, 86.0, 86.0, 86.0, 86.0, 86.0, 86.0, 86.0, 86.0, 86.0, 86.0, 86.0, 86.0, 86.0, 86.0, 86.0, 86.0, 86.0, 86.0, 86.0, 85.0, 84.0, 84.0, 84.0, 84.0, 83.0, 83.0, 83.0, 83.0, 83.0, 83.0, 82.0, 82.0, 82.0, 82.0, 82.0, 81.0, 80.0, 80.0, 80.0, 80.0, 80.0, 78.0, 77.0, 77.0, 77.0, 77.0, 77.0, 77.0, 77.0, 77.0, 77.0, 77.0, 77.0, 77.0, 77.0, 76.0, 76.0, 76.0, 76.0, 76.0, 76.0, 76.0, 76.0, 76.0, 76.0, 76.0, 75.0, 74.0, 74.0, 73.0, 73.0, 72.0, 72.0, 72.0, 72.0, 72.0, 72.0, 72.0, 72.0, 72.0, 72.0, 71.0, 70.0, 69.0, 69.0, 69.0, 69.0, 69.0, 69.0, 69.0, 69.0, 68.0, 68.0, 68.0, 68.0, 68.0, 68.0, 67.0, 67.0, 67.0, 67.0, 67.0, 66.0, 66.0, 66.0, 66.0, 66.0, 66.0, 66.0, 65.0, 65.0, 65.0, 64.0, 64.0, 64.0, 64.0, 64.0, 64.0, 64.0, 64.0, 64.0, 64.0, 64.0, 64.0, 63.0, 63.0, 63.0, 63.0, 63.0, 63.0, 63.0, 63.0, 62.0, 62.0, 62.0, 62.0, 62.0, 62.0, 62.0, 61.0, 61.0, 61.0, 61.0, 61.0, 61.0, 61.0, 61.0, 61.0, 61.0, 61.0, 61.0, 61.0, 61.0, 61.0, 61.0, 61.0, 61.0, 61.0, 61.0, 61.0, 61.0, 61.0, 61.0, 61.0, 60.0, 59.0, 59.0, 59.0, 59.0, 59.0, 58.0, 58.0, 58.0, 58.0, 58.0, 58.0, 58.0, 58.0, 58.0, 58.0, 58.0, 58.0, 58.0, 58.0, 58.0, 58.0, 58.0, 58.0, 58.0, 58.0, 58.0, 58.0, 58.0, 58.0, 58.0, 58.0, 58.0, 58.0, 58.0, 58.0, 58.0, 58.0, 58.0, 58.0, 58.0, 58.0, 58.0, 58.0, 58.0, 58.0, 58.0, 57.0, 57.0, 57.0, 57.0, 57.0, 57.0, 57.0, 57.0, 57.0, 57.0, 57.0, 57.0, 57.0, 57.0, 57.0, 57.0, 57.0, 57.0, 57.0, 57.0, 57.0, 57.0, 57.0, 57.0, 57.0, 57.0, 57.0, 57.0, 57.0, 57.0, 57.0, 57.0, 57.0, 57.0, 57.0, 57.0, 57.0, 57.0, 57.0, 57.0, 57.0, 57.0, 57.0, 57.0, 57.0, 57.0, 57.0, 57.0, 57.0, 57.0, 57.0, 57.0, 56.0, 56.0, 56.0, 56.0, 56.0, 56.0, 56.0, 56.0, 55.0, 55.0, 55.0, 55.0, 55.0, 55.0, 55.0, 55.0, 55.0, 55.0, 55.0, 55.0, 55.0, 55.0, 55.0, 55.0, 54.0, 54.0, 54.0, 54.0, 54.0, 54.0, 54.0, 54.0, 54.0, 54.0, 54.0, 54.0, 54.0, 54.0, 54.0, 54.0, 54.0, 54.0, 53.0, 53.0, 53.0, 53.0, 53.0, 53.0, 53.0, 53.0, 53.0, 53.0, 53.0, 53.0, 53.0, 53.0, 53.0, 53.0, 53.0, 53.0, 53.0, 53.0, 53.0, 53.0, 52.0, 52.0, 52.0, 52.0, 52.0, 52.0, 52.0, 52.0, 52.0, 52.0, 52.0, 52.0, 52.0, 52.0, 52.0, 52.0, 52.0, 52.0, 52.0, 52.0, 52.0, 52.0, 51.0, 51.0];
u5=[6996.0, 2984.0, 1427.0, 870.0, 608.0, 488.0, 418.0, 368.0, 346.0, 325.0, 301.0, 288.0, 270.0, 266.0, 260.0, 251.0, 240.0, 234.0, 223.0, 216.0, 213.0, 205.0, 204.0, 196.0, 187.0, 182.0, 178.0, 176.0, 174.0, 170.0, 168.0, 167.0, 164.0, 163.0, 161.0, 159.0, 157.0, 155.0, 155.0, 150.0, 149.0, 148.0, 147.0, 144.0, 142.0, 142.0, 140.0, 138.0, 136.0, 135.0, 135.0, 135.0, 134.0, 132.0, 131.0, 130.0, 128.0, 128.0, 127.0, 126.0, 126.0, 126.0, 120.0, 120.0, 119.0, 118.0, 118.0, 117.0, 116.0, 116.0, 115.0, 115.0, 115.0, 112.0, 112.0, 112.0, 111.0, 111.0, 110.0, 110.0, 109.0, 108.0, 107.0, 107.0, 105.0, 105.0, 105.0, 105.0, 105.0, 105.0, 104.0, 104.0, 104.0, 102.0, 100.0, 99.0, 99.0, 99.0, 99.0, 98.0, 98.0, 95.0, 95.0, 95.0, 94.0, 94.0, 93.0, 93.0, 93.0, 93.0, 93.0, 93.0, 92.0, 91.0, 91.0, 90.0, 90.0, 90.0, 89.0, 89.0, 87.0, 87.0, 87.0, 87.0, 87.0, 87.0, 87.0, 87.0, 87.0, 86.0, 86.0, 86.0, 86.0, 86.0, 86.0, 86.0, 85.0, 85.0, 85.0, 85.0, 85.0, 85.0, 85.0, 85.0, 85.0, 85.0, 85.0, 85.0, 84.0, 83.0, 83.0, 82.0, 82.0, 82.0, 82.0, 82.0, 82.0, 81.0, 81.0, 81.0, 79.0, 79.0, 79.0, 78.0, 78.0, 78.0, 77.0, 77.0, 77.0, 77.0, 77.0, 77.0, 77.0, 76.0, 76.0, 76.0, 76.0, 76.0, 76.0, 76.0, 76.0, 75.0, 75.0, 75.0, 75.0, 74.0, 74.0, 74.0, 74.0, 74.0, 74.0, 74.0, 73.0, 73.0, 72.0, 72.0, 72.0, 72.0, 72.0, 72.0, 71.0, 71.0, 71.0, 71.0, 71.0, 71.0, 71.0, 71.0, 70.0, 70.0, 70.0, 70.0, 70.0, 70.0, 70.0, 70.0, 70.0, 70.0, 70.0, 69.0, 69.0, 69.0, 69.0, 69.0, 69.0, 69.0, 69.0, 69.0, 68.0, 68.0, 68.0, 68.0, 68.0, 67.0, 67.0, 67.0, 67.0, 67.0, 67.0, 67.0, 67.0, 67.0, 67.0, 67.0, 67.0, 67.0, 67.0, 67.0, 67.0, 67.0, 67.0, 67.0, 67.0, 67.0, 67.0, 67.0, 67.0, 67.0, 67.0, 67.0, 67.0, 67.0, 67.0, 67.0, 66.0, 66.0, 66.0, 66.0, 66.0, 66.0, 66.0, 66.0, 66.0, 66.0, 66.0, 66.0, 66.0, 66.0, 65.0, 65.0, 65.0, 65.0, 65.0, 65.0, 65.0, 65.0, 65.0, 65.0, 65.0, 65.0, 65.0, 65.0, 65.0, 64.0, 64.0, 64.0, 64.0, 64.0, 63.0, 63.0, 63.0, 62.0, 62.0, 62.0, 62.0, 61.0, 61.0, 61.0, 61.0, 61.0, 61.0, 61.0, 61.0, 61.0, 61.0, 60.0, 60.0, 60.0, 60.0, 60.0, 60.0, 59.0, 59.0, 59.0, 59.0, 59.0, 59.0, 59.0, 59.0, 59.0, 59.0, 59.0, 59.0, 59.0, 59.0, 59.0, 59.0, 59.0, 59.0, 59.0, 59.0, 59.0, 59.0, 59.0, 59.0, 59.0, 59.0, 59.0, 59.0, 59.0, 59.0, 59.0, 59.0, 59.0, 59.0, 59.0, 59.0, 59.0, 59.0, 59.0, 59.0, 59.0, 59.0, 59.0, 58.0, 58.0, 58.0, 58.0, 58.0, 58.0, 58.0, 57.0, 57.0, 57.0, 57.0, 57.0, 57.0, 57.0, 57.0, 57.0, 57.0, 57.0, 57.0, 57.0, 57.0, 57.0, 57.0, 57.0, 57.0, 57.0, 57.0, 57.0, 57.0, 57.0, 57.0, 57.0, 57.0, 57.0, 57.0, 57.0, 57.0, 57.0, 57.0, 57.0, 57.0, 56.0, 56.0, 56.0, 56.0, 56.0, 56.0, 56.0, 56.0, 56.0, 55.0, 55.0, 55.0, 55.0, 55.0, 55.0, 55.0, 55.0, 55.0, 55.0, 55.0, 55.0, 55.0, 55.0, 55.0, 55.0, 55.0, 55.0, 54.0, 54.0, 54.0, 54.0, 54.0, 54.0, 54.0, 54.0, 54.0, 54.0, 54.0, 54.0, 53.0, 53.0, 53.0, 53.0, 53.0, 53.0, 53.0, 53.0, 53.0, 53.0, 53.0, 53.0, 53.0, 53.0, 53.0, 53.0, 53.0, 53.0, 53.0, 53.0, 53.0, 53.0, 53.0, 53.0, 53.0, 53.0, 53.0, 53.0, 53.0, 53.0, 53.0, 53.0, 53.0, 53.0, 53.0, 53.0, 53.0, 53.0, 53.0, 53.0, 53.0, 53.0, 53.0, 53.0, 53.0, 53.0, 53.0, 53.0, 53.0, 53.0, 53.0, 53.0, 53.0, 53.0, 53.0];
u6=[6399.0, 2926.0, 1304.0, 765.0, 541.0, 457.0, 397.0, 365.0, 346.0, 317.0, 293.0, 284.0, 272.0, 261.0, 256.0, 246.0, 239.0, 226.0, 221.0, 215.0, 212.0, 206.0, 197.0, 190.0, 185.0, 184.0, 182.0, 177.0, 172.0, 169.0, 168.0, 168.0, 166.0, 162.0, 157.0, 153.0, 150.0, 148.0, 148.0, 147.0, 143.0, 142.0, 142.0, 141.0, 141.0, 140.0, 140.0, 140.0, 139.0, 139.0, 138.0, 137.0, 137.0, 135.0, 133.0, 132.0, 132.0, 131.0, 128.0, 126.0, 124.0, 123.0, 122.0, 122.0, 121.0, 119.0, 119.0, 118.0, 118.0, 117.0, 116.0, 116.0, 116.0, 115.0, 113.0, 112.0, 112.0, 111.0, 110.0, 110.0, 110.0, 110.0, 110.0, 110.0, 108.0, 108.0, 106.0, 106.0, 104.0, 103.0, 103.0, 101.0, 101.0, 101.0, 99.0, 98.0, 98.0, 98.0, 98.0, 98.0, 98.0, 98.0, 97.0, 97.0, 95.0, 95.0, 95.0, 95.0, 95.0, 94.0, 94.0, 93.0, 93.0, 93.0, 93.0, 92.0, 92.0, 91.0, 90.0, 89.0, 89.0, 89.0, 89.0, 89.0, 88.0, 86.0, 86.0, 86.0, 85.0, 82.0, 81.0, 81.0, 81.0, 81.0, 81.0, 81.0, 80.0, 80.0, 80.0, 80.0, 80.0, 80.0, 80.0, 80.0, 79.0, 78.0, 78.0, 78.0, 78.0, 78.0, 77.0, 77.0, 77.0, 77.0, 77.0, 77.0, 77.0, 77.0, 77.0, 76.0, 76.0, 76.0, 76.0, 75.0, 75.0, 75.0, 75.0, 75.0, 75.0, 74.0, 74.0, 74.0, 74.0, 74.0, 74.0, 74.0, 74.0, 74.0, 74.0, 74.0, 74.0, 73.0, 73.0, 73.0, 73.0, 72.0, 72.0, 72.0, 72.0, 72.0, 72.0, 72.0, 72.0, 72.0, 72.0, 72.0, 71.0, 71.0, 71.0, 71.0, 70.0, 70.0, 70.0, 70.0, 70.0, 70.0, 70.0, 70.0, 70.0, 70.0, 70.0, 70.0, 69.0, 69.0, 68.0, 68.0, 68.0, 68.0, 68.0, 68.0, 68.0, 68.0, 68.0, 68.0, 68.0, 68.0, 68.0, 67.0, 67.0, 66.0, 66.0, 66.0, 66.0, 66.0, 66.0, 66.0, 66.0, 66.0, 66.0, 66.0, 66.0, 66.0, 66.0, 66.0, 66.0, 66.0, 66.0, 66.0, 66.0, 66.0, 66.0, 65.0, 65.0, 65.0, 65.0, 65.0, 65.0, 65.0, 65.0, 65.0, 65.0, 65.0, 65.0, 65.0, 65.0, 65.0, 65.0, 65.0, 65.0, 65.0, 65.0, 65.0, 64.0, 64.0, 64.0, 64.0, 64.0, 64.0, 64.0, 64.0, 64.0, 64.0, 64.0, 64.0, 64.0, 64.0, 64.0, 64.0, 64.0, 64.0, 64.0, 64.0, 63.0, 63.0, 63.0, 63.0, 62.0, 62.0, 62.0, 62.0, 62.0, 61.0, 61.0, 61.0, 61.0, 61.0, 61.0, 61.0, 61.0, 61.0, 61.0, 61.0, 61.0, 61.0, 61.0, 61.0, 61.0, 61.0, 61.0, 61.0, 61.0, 61.0, 61.0, 61.0, 61.0, 61.0, 60.0, 60.0, 60.0, 60.0, 60.0, 60.0, 60.0, 60.0, 60.0, 60.0, 60.0, 60.0, 60.0, 60.0, 60.0, 60.0, 60.0, 60.0, 60.0, 60.0, 60.0, 59.0, 59.0, 59.0, 59.0, 59.0, 59.0, 59.0, 59.0, 59.0, 59.0, 59.0, 59.0, 59.0, 59.0, 59.0, 59.0, 59.0, 59.0, 59.0, 59.0, 59.0, 59.0, 59.0, 59.0, 59.0, 59.0, 59.0, 59.0, 59.0, 59.0, 59.0, 59.0, 59.0, 59.0, 59.0, 59.0, 59.0, 59.0, 59.0, 59.0, 59.0, 59.0, 59.0, 59.0, 59.0, 59.0, 59.0, 59.0, 59.0, 59.0, 59.0, 59.0, 59.0, 59.0, 59.0, 58.0, 58.0, 58.0, 58.0, 58.0, 58.0, 58.0, 58.0, 58.0, 58.0, 58.0, 58.0, 58.0, 58.0, 58.0, 58.0, 58.0, 58.0, 58.0, 58.0, 58.0, 58.0, 58.0, 58.0, 58.0, 58.0, 58.0, 58.0, 58.0, 58.0, 58.0, 58.0, 58.0, 58.0, 58.0, 58.0, 58.0, 58.0, 58.0, 58.0, 58.0, 58.0, 58.0, 58.0, 58.0, 58.0, 58.0, 58.0, 58.0, 58.0, 58.0, 58.0, 58.0, 58.0, 58.0, 58.0, 58.0, 58.0, 58.0, 58.0, 58.0, 58.0, 58.0, 58.0, 58.0, 58.0, 58.0, 58.0, 58.0, 58.0, 58.0, 58.0, 58.0, 58.0, 58.0, 58.0, 58.0, 58.0, 58.0, 58.0, 58.0, 58.0, 58.0, 58.0, 58.0, 58.0, 58.0, 58.0, 58.0, 58.0, 58.0, 58.0, 58.0, 58.0, 58.0, 58.0, 58.0];
u7=[7239.0, 3343.0, 1660.0, 835.0, 529.0, 442.0, 380.0, 347.0, 323.0, 300.0, 290.0, 275.0, 263.0, 255.0, 240.0, 230.0, 212.0, 209.0, 204.0, 198.0, 193.0, 190.0, 184.0, 180.0, 180.0, 177.0, 174.0, 171.0, 170.0, 168.0, 167.0, 166.0, 164.0, 160.0, 158.0, 153.0, 151.0, 148.0, 145.0, 144.0, 143.0, 143.0, 141.0, 139.0, 139.0, 138.0, 134.0, 132.0, 132.0, 132.0, 132.0, 132.0, 132.0, 132.0, 128.0, 128.0, 127.0, 127.0, 127.0, 127.0, 126.0, 126.0, 125.0, 122.0, 120.0, 118.0, 118.0, 118.0, 117.0, 117.0, 116.0, 115.0, 115.0, 115.0, 114.0, 114.0, 114.0, 113.0, 113.0, 112.0, 112.0, 111.0, 111.0, 110.0, 110.0, 110.0, 110.0, 108.0, 107.0, 107.0, 107.0, 107.0, 107.0, 107.0, 106.0, 105.0, 103.0, 103.0, 103.0, 102.0, 102.0, 102.0, 102.0, 101.0, 100.0, 100.0, 100.0, 100.0, 100.0, 100.0, 100.0, 99.0, 99.0, 99.0, 99.0, 99.0, 98.0, 98.0, 98.0, 98.0, 97.0, 97.0, 97.0, 97.0, 95.0, 93.0, 93.0, 93.0, 93.0, 93.0, 93.0, 92.0, 92.0, 92.0, 91.0, 90.0, 89.0, 89.0, 88.0, 88.0, 87.0, 87.0, 87.0, 87.0, 87.0, 87.0, 86.0, 86.0, 85.0, 85.0, 85.0, 84.0, 84.0, 84.0, 84.0, 84.0, 84.0, 83.0, 83.0, 83.0, 83.0, 83.0, 83.0, 83.0, 83.0, 82.0, 82.0, 82.0, 82.0, 82.0, 82.0, 82.0, 81.0, 81.0, 80.0, 80.0, 80.0, 79.0, 79.0, 78.0, 78.0, 78.0, 77.0, 76.0, 76.0, 75.0, 75.0, 75.0, 75.0, 75.0, 75.0, 72.0, 72.0, 72.0, 72.0, 72.0, 72.0, 71.0, 71.0, 71.0, 71.0, 71.0, 71.0, 71.0, 71.0, 71.0, 71.0, 71.0, 71.0, 71.0, 71.0, 71.0, 71.0, 71.0, 71.0, 70.0, 70.0, 70.0, 70.0, 70.0, 70.0, 70.0, 70.0, 70.0, 70.0, 69.0, 69.0, 69.0, 69.0, 69.0, 69.0, 69.0, 69.0, 67.0, 67.0, 67.0, 67.0, 66.0, 66.0, 66.0, 66.0, 66.0, 66.0, 66.0, 66.0, 66.0, 66.0, 66.0, 66.0, 66.0, 66.0, 65.0, 65.0, 65.0, 65.0, 65.0, 65.0, 65.0, 65.0, 65.0, 65.0, 65.0, 65.0, 65.0, 65.0, 65.0, 65.0, 65.0, 63.0, 63.0, 63.0, 62.0, 62.0, 62.0, 62.0, 62.0, 62.0, 62.0, 62.0, 62.0, 62.0, 62.0, 62.0, 62.0, 62.0, 62.0, 62.0, 62.0, 62.0, 62.0, 62.0, 61.0, 61.0, 61.0, 59.0, 59.0, 59.0, 59.0, 59.0, 59.0, 58.0, 58.0, 58.0, 58.0, 58.0, 56.0, 56.0, 56.0, 56.0, 56.0, 56.0, 56.0, 56.0, 56.0, 56.0, 56.0, 56.0, 56.0, 56.0, 56.0, 56.0, 56.0, 55.0, 55.0, 55.0, 55.0, 55.0, 55.0, 55.0, 55.0, 55.0, 55.0, 55.0, 55.0, 55.0, 55.0, 55.0, 55.0, 55.0, 55.0, 55.0, 55.0, 55.0, 55.0, 55.0, 55.0, 55.0, 55.0, 55.0, 55.0, 55.0, 55.0, 55.0, 55.0, 55.0, 55.0, 55.0, 55.0, 55.0, 55.0, 55.0, 55.0, 55.0, 55.0, 54.0, 54.0, 54.0, 54.0, 54.0, 54.0, 54.0, 54.0, 53.0, 53.0, 53.0, 52.0, 52.0, 51.0, 51.0, 51.0, 51.0, 50.0, 50.0, 50.0, 50.0, 50.0, 50.0, 50.0, 50.0, 50.0, 50.0, 50.0, 50.0, 50.0, 50.0, 50.0, 50.0, 50.0, 50.0, 50.0, 50.0, 50.0, 50.0, 50.0, 50.0, 50.0, 50.0, 50.0, 50.0, 50.0, 50.0, 50.0, 50.0, 50.0, 50.0, 50.0, 50.0, 50.0, 50.0, 50.0, 50.0, 50.0, 50.0, 50.0, 50.0, 50.0, 50.0, 50.0, 50.0, 50.0, 50.0, 50.0, 50.0, 50.0, 50.0, 50.0, 50.0, 50.0, 50.0, 50.0, 50.0, 50.0, 50.0, 50.0, 50.0, 50.0, 50.0, 50.0, 50.0, 50.0, 50.0, 50.0, 50.0, 50.0, 50.0, 50.0, 50.0, 50.0, 50.0, 50.0, 50.0, 50.0, 50.0, 50.0, 50.0, 49.0, 49.0, 49.0, 49.0, 49.0, 49.0, 49.0, 49.0, 49.0, 49.0, 49.0, 49.0, 49.0, 49.0, 49.0, 49.0, 49.0, 49.0, 49.0, 49.0, 49.0, 49.0, 49.0, 49.0, 49.0, 49.0, 49.0, 49.0, 49.0, 49.0, 49.0, 49.0, 49.0, 49.0];
u8=[6896.0, 3136.0, 1575.0, 926.0, 615.0, 501.0, 426.0, 384.0, 352.0, 318.0, 308.0, 294.0, 275.0, 262.0, 250.0, 237.0, 228.0, 219.0, 217.0, 208.0, 206.0, 203.0, 198.0, 194.0, 190.0, 184.0, 180.0, 176.0, 173.0, 171.0, 168.0, 168.0, 166.0, 164.0, 163.0, 160.0, 160.0, 154.0, 153.0, 152.0, 150.0, 148.0, 147.0, 147.0, 144.0, 143.0, 141.0, 140.0, 140.0, 138.0, 137.0, 136.0, 136.0, 135.0, 135.0, 133.0, 133.0, 133.0, 133.0, 131.0, 130.0, 130.0, 129.0, 128.0, 126.0, 126.0, 124.0, 122.0, 121.0, 120.0, 119.0, 118.0, 117.0, 117.0, 116.0, 116.0, 114.0, 113.0, 113.0, 113.0, 113.0, 113.0, 112.0, 112.0, 112.0, 109.0, 109.0, 107.0, 107.0, 107.0, 107.0, 107.0, 107.0, 106.0, 104.0, 103.0, 103.0, 103.0, 103.0, 103.0, 103.0, 103.0, 103.0, 103.0, 101.0, 101.0, 101.0, 100.0, 99.0, 99.0, 99.0, 98.0, 97.0, 97.0, 97.0, 97.0, 96.0, 96.0, 96.0, 96.0, 95.0, 95.0, 94.0, 93.0, 93.0, 93.0, 91.0, 91.0, 91.0, 90.0, 90.0, 90.0, 90.0, 90.0, 90.0, 90.0, 89.0, 89.0, 89.0, 87.0, 87.0, 87.0, 87.0, 87.0, 87.0, 87.0, 87.0, 86.0, 84.0, 84.0, 84.0, 84.0, 83.0, 83.0, 83.0, 83.0, 83.0, 83.0, 83.0, 83.0, 83.0, 83.0, 83.0, 83.0, 83.0, 83.0, 83.0, 83.0, 83.0, 83.0, 83.0, 83.0, 83.0, 82.0, 82.0, 82.0, 82.0, 82.0, 82.0, 82.0, 82.0, 82.0, 82.0, 82.0, 82.0, 82.0, 82.0, 82.0, 82.0, 82.0, 82.0, 82.0, 82.0, 81.0, 81.0, 81.0, 81.0, 80.0, 80.0, 80.0, 80.0, 80.0, 80.0, 78.0, 77.0, 77.0, 77.0, 76.0, 76.0, 76.0, 76.0, 76.0, 76.0, 74.0, 74.0, 74.0, 74.0, 74.0, 74.0, 74.0, 74.0, 73.0, 73.0, 73.0, 73.0, 73.0, 72.0, 72.0, 72.0, 72.0, 72.0, 71.0, 71.0, 70.0, 70.0, 70.0, 70.0, 70.0, 70.0, 70.0, 70.0, 70.0, 69.0, 69.0, 69.0, 69.0, 69.0, 69.0, 69.0, 68.0, 68.0, 67.0, 67.0, 67.0, 66.0, 66.0, 66.0, 66.0, 66.0, 66.0, 66.0, 66.0, 66.0, 66.0, 66.0, 66.0, 66.0, 66.0, 66.0, 66.0, 66.0, 66.0, 66.0, 66.0, 66.0, 66.0, 66.0, 66.0, 66.0, 66.0, 66.0, 66.0, 66.0, 66.0, 66.0, 66.0, 65.0, 65.0, 65.0, 65.0, 65.0, 65.0, 65.0, 65.0, 65.0, 65.0, 65.0, 65.0, 65.0, 65.0, 65.0, 65.0, 65.0, 65.0, 65.0, 65.0, 65.0, 65.0, 65.0, 65.0, 65.0, 65.0, 65.0, 65.0, 65.0, 65.0, 65.0, 65.0, 64.0, 64.0, 64.0, 64.0, 64.0, 64.0, 64.0, 64.0, 64.0, 64.0, 64.0, 64.0, 64.0, 64.0, 64.0, 64.0, 64.0, 64.0, 64.0, 64.0, 63.0, 63.0, 63.0, 63.0, 63.0, 62.0, 62.0, 62.0, 62.0, 61.0, 61.0, 61.0, 61.0, 61.0, 61.0, 61.0, 61.0, 61.0, 61.0, 61.0, 61.0, 61.0, 61.0, 61.0, 61.0, 61.0, 61.0, 61.0, 61.0, 61.0, 61.0, 61.0, 61.0, 61.0, 61.0, 61.0, 60.0, 60.0, 60.0, 60.0, 60.0, 60.0, 60.0, 60.0, 60.0, 60.0, 60.0, 60.0, 59.0, 58.0, 58.0, 58.0, 58.0, 58.0, 58.0, 58.0, 58.0, 58.0, 58.0, 58.0, 58.0, 58.0, 58.0, 58.0, 58.0, 58.0, 58.0, 58.0, 58.0, 58.0, 58.0, 58.0, 57.0, 57.0, 57.0, 57.0, 57.0, 57.0, 57.0, 57.0, 57.0, 57.0, 57.0, 57.0, 57.0, 57.0, 57.0, 57.0, 57.0, 57.0, 57.0, 57.0, 57.0, 57.0, 56.0, 56.0, 56.0, 56.0, 56.0, 56.0, 56.0, 56.0, 56.0, 56.0, 56.0, 56.0, 56.0, 56.0, 55.0, 55.0, 55.0, 55.0, 55.0, 55.0, 55.0, 54.0, 54.0, 54.0, 54.0, 54.0, 54.0, 53.0, 53.0, 53.0, 53.0, 53.0, 53.0, 53.0, 53.0, 53.0, 53.0, 53.0, 52.0, 52.0, 52.0, 52.0, 52.0, 52.0, 52.0, 52.0, 52.0, 52.0, 52.0, 52.0, 52.0, 52.0, 52.0, 52.0, 52.0, 52.0, 52.0, 52.0, 52.0, 52.0, 52.0, 52.0, 52.0, 52.0, 52.0, 51.0, 51.0];
u9=[6715.0, 2897.0, 1328.0, 783.0, 577.0, 432.0, 388.0, 344.0, 318.0, 301.0, 290.0, 268.0, 255.0, 240.0, 233.0, 227.0, 222.0, 218.0, 205.0, 204.0, 202.0, 199.0, 195.0, 192.0, 191.0, 182.0, 177.0, 177.0, 174.0, 170.0, 168.0, 164.0, 160.0, 157.0, 157.0, 156.0, 155.0, 154.0, 153.0, 153.0, 152.0, 152.0, 150.0, 147.0, 147.0, 147.0, 144.0, 141.0, 138.0, 136.0, 135.0, 134.0, 133.0, 130.0, 130.0, 130.0, 128.0, 127.0, 127.0, 127.0, 125.0, 123.0, 122.0, 121.0, 121.0, 121.0, 120.0, 119.0, 119.0, 119.0, 118.0, 117.0, 115.0, 114.0, 113.0, 111.0, 110.0, 108.0, 108.0, 107.0, 106.0, 106.0, 106.0, 104.0, 103.0, 103.0, 101.0, 101.0, 101.0, 100.0, 100.0, 100.0, 98.0, 98.0, 98.0, 97.0, 97.0, 97.0, 97.0, 97.0, 97.0, 94.0, 93.0, 92.0, 92.0, 92.0, 92.0, 92.0, 91.0, 91.0, 91.0, 91.0, 91.0, 91.0, 90.0, 90.0, 90.0, 90.0, 89.0, 89.0, 89.0, 89.0, 89.0, 89.0, 89.0, 89.0, 89.0, 89.0, 89.0, 89.0, 89.0, 89.0, 88.0, 88.0, 87.0, 87.0, 87.0, 87.0, 87.0, 87.0, 86.0, 86.0, 85.0, 85.0, 84.0, 84.0, 84.0, 84.0, 84.0, 83.0, 83.0, 83.0, 83.0, 83.0, 83.0, 82.0, 82.0, 82.0, 81.0, 81.0, 81.0, 80.0, 80.0, 79.0, 78.0, 78.0, 77.0, 77.0, 77.0, 77.0, 76.0, 76.0, 76.0, 76.0, 75.0, 75.0, 75.0, 75.0, 75.0, 74.0, 74.0, 74.0, 73.0, 73.0, 73.0, 73.0, 73.0, 73.0, 73.0, 72.0, 72.0, 72.0, 72.0, 72.0, 72.0, 72.0, 72.0, 72.0, 72.0, 72.0, 72.0, 72.0, 72.0, 72.0, 72.0, 71.0, 71.0, 71.0, 71.0, 71.0, 71.0, 71.0, 71.0, 71.0, 71.0, 71.0, 70.0, 70.0, 70.0, 70.0, 70.0, 70.0, 70.0, 69.0, 69.0, 69.0, 69.0, 69.0, 68.0, 67.0, 67.0, 67.0, 67.0, 67.0, 67.0, 67.0, 67.0, 67.0, 67.0, 67.0, 67.0, 67.0, 67.0, 66.0, 66.0, 66.0, 66.0, 66.0, 66.0, 66.0, 65.0, 65.0, 65.0, 65.0, 65.0, 65.0, 65.0, 65.0, 65.0, 65.0, 65.0, 65.0, 65.0, 65.0, 64.0, 64.0, 64.0, 64.0, 64.0, 64.0, 64.0, 64.0, 64.0, 63.0, 63.0, 63.0, 63.0, 62.0, 62.0, 62.0, 62.0, 62.0, 62.0, 62.0, 62.0, 62.0, 62.0, 62.0, 62.0, 62.0, 62.0, 62.0, 62.0, 62.0, 62.0, 62.0, 62.0, 62.0, 62.0, 62.0, 62.0, 62.0, 62.0, 61.0, 61.0, 61.0, 61.0, 61.0, 60.0, 60.0, 60.0, 60.0, 60.0, 60.0, 60.0, 60.0, 60.0, 60.0, 60.0, 60.0, 60.0, 60.0, 60.0, 60.0, 60.0, 60.0, 60.0, 60.0, 60.0, 60.0, 60.0, 60.0, 60.0, 60.0, 60.0, 60.0, 60.0, 60.0, 59.0, 59.0, 59.0, 59.0, 59.0, 59.0, 59.0, 59.0, 59.0, 59.0, 59.0, 59.0, 59.0, 59.0, 59.0, 59.0, 59.0, 59.0, 59.0, 59.0, 59.0, 59.0, 59.0, 59.0, 59.0, 59.0, 59.0, 59.0, 59.0, 59.0, 59.0, 59.0, 59.0, 58.0, 58.0, 58.0, 58.0, 58.0, 58.0, 57.0, 57.0, 57.0, 57.0, 57.0, 57.0, 57.0, 57.0, 57.0, 57.0, 57.0, 57.0, 57.0, 57.0, 57.0, 57.0, 57.0, 57.0, 57.0, 57.0, 57.0, 57.0, 57.0, 57.0, 57.0, 57.0, 57.0, 57.0, 57.0, 57.0, 57.0, 56.0, 56.0, 56.0, 56.0, 56.0, 56.0, 56.0, 55.0, 55.0, 55.0, 55.0, 55.0, 55.0, 55.0, 55.0, 55.0, 55.0, 55.0, 55.0, 55.0, 55.0, 55.0, 55.0, 55.0, 55.0, 55.0, 55.0, 55.0, 55.0, 55.0, 55.0, 55.0, 55.0, 55.0, 55.0, 55.0, 55.0, 55.0, 55.0, 55.0, 55.0, 55.0, 55.0, 55.0, 55.0, 54.0, 54.0, 54.0, 54.0, 53.0, 53.0, 53.0, 53.0, 52.0, 52.0, 52.0, 52.0, 52.0, 52.0, 52.0, 52.0, 51.0, 51.0, 51.0, 51.0, 51.0, 51.0, 51.0, 51.0, 51.0, 51.0, 51.0, 51.0, 51.0, 51.0, 51.0, 50.0, 50.0, 50.0, 50.0, 50.0, 50.0, 50.0, 50.0, 50.0, 50.0, 50.0, 50.0, 50.0, 50.0, 50.0];
u=[u0; u1; u2; u3; u4; u5; u6; u7; u8; u9; ];
vect=200*(1:length(u0));
taille = length(u0);
umean=zeros(taille,1);
uintervalleincertitude = zeros(taille,2);
for i = 1:taille;
			umean(i) = mean(u(:,i));
			nombredeVecteurs=length(u(:,1));
			uincertitude(i) = std(u(:,i))/sqrt(nombredeVecteurs);
			uintervalleincertitude(i,1) = umean(i) + uincertitude(i)*1.96;
			uintervalleincertitude(i,2) = umean(i) - uincertitude(i)*1.96;
			end;
plot(vect(taille/2:taille),uintervalleincertitude(taille/2:taille,:));
hold on;


%---------------------------------------------------------------------
%Benchmark :data/le450_25d.col
clear all;
figure;
title('data/le450_25d.col,  k =[1]'
xlabel('Nombre d iterations');
ylabel('Energie');

%Constante k : 1.0
Facteur : 0.5


%Seed du coloriage : 1774478884
%Recuit Simulé Exponentiel avec k l'energie moyenne
%Nombre d'itération : 100000

u0=[6949.0, 2901.0, 1524.0, 769.0, 539.0, 437.0, 392.0, 361.0, 331.0, 302.0, 282.0, 267.0, 256.0, 250.0, 240.0, 235.0, 226.0, 218.0, 212.0, 202.0, 197.0, 193.0, 187.0, 185.0, 178.0, 176.0, 173.0, 171.0, 170.0, 166.0, 161.0, 160.0, 159.0, 156.0, 153.0, 151.0, 149.0, 147.0, 146.0, 143.0, 141.0, 139.0, 138.0, 138.0, 137.0, 132.0, 132.0, 131.0, 131.0, 131.0, 130.0, 130.0, 128.0, 124.0, 120.0, 119.0, 118.0, 116.0, 115.0, 115.0, 115.0, 114.0, 112.0, 112.0, 111.0, 111.0, 110.0, 109.0, 109.0, 109.0, 108.0, 108.0, 108.0, 108.0, 108.0, 108.0, 108.0, 108.0, 107.0, 107.0, 104.0, 104.0, 104.0, 104.0, 103.0, 103.0, 103.0, 103.0, 103.0, 103.0, 103.0, 101.0, 101.0, 101.0, 99.0, 99.0, 99.0, 99.0, 99.0, 97.0, 97.0, 97.0, 97.0, 97.0, 97.0, 97.0, 97.0, 97.0, 97.0, 96.0, 96.0, 96.0, 96.0, 96.0, 95.0, 95.0, 95.0, 95.0, 95.0, 93.0, 93.0, 93.0, 93.0, 93.0, 93.0, 93.0, 93.0, 93.0, 92.0, 92.0, 91.0, 91.0, 91.0, 90.0, 90.0, 90.0, 90.0, 90.0, 90.0, 90.0, 90.0, 88.0, 87.0, 87.0, 87.0, 87.0, 87.0, 87.0, 86.0, 86.0, 86.0, 86.0, 86.0, 86.0, 86.0, 86.0, 86.0, 86.0, 86.0, 86.0, 86.0, 86.0, 85.0, 85.0, 85.0, 85.0, 85.0, 85.0, 84.0, 84.0, 84.0, 83.0, 82.0, 81.0, 81.0, 81.0, 81.0, 81.0, 81.0, 81.0, 81.0, 81.0, 81.0, 81.0, 81.0, 81.0, 81.0, 80.0, 80.0, 79.0, 79.0, 78.0, 78.0, 78.0, 78.0, 78.0, 78.0, 78.0, 78.0, 78.0, 78.0, 78.0, 78.0, 78.0, 78.0, 78.0, 77.0, 77.0, 76.0, 76.0, 76.0, 76.0, 76.0, 75.0, 75.0, 75.0, 75.0, 75.0, 74.0, 74.0, 73.0, 73.0, 73.0, 73.0, 73.0, 73.0, 73.0, 73.0, 73.0, 73.0, 73.0, 73.0, 73.0, 73.0, 73.0, 73.0, 73.0, 73.0, 73.0, 73.0, 73.0, 73.0, 73.0, 73.0, 72.0, 71.0, 71.0, 71.0, 71.0, 71.0, 71.0, 70.0, 70.0, 70.0, 70.0, 70.0, 70.0, 70.0, 70.0, 70.0, 70.0, 69.0, 69.0, 69.0, 69.0, 69.0, 69.0, 69.0, 69.0, 69.0, 69.0, 69.0, 69.0, 69.0, 69.0, 69.0, 69.0, 69.0, 69.0, 69.0, 69.0, 69.0, 69.0, 69.0, 69.0, 69.0, 69.0, 69.0, 69.0, 69.0, 69.0, 68.0, 68.0, 68.0, 68.0, 68.0, 68.0, 68.0, 68.0, 68.0, 68.0, 68.0, 68.0, 68.0, 68.0, 68.0, 68.0, 67.0, 67.0, 67.0, 67.0, 66.0, 66.0, 65.0, 65.0, 65.0, 65.0, 65.0, 65.0, 65.0, 65.0, 65.0, 65.0, 65.0, 65.0, 65.0, 65.0, 65.0, 65.0, 65.0, 65.0, 65.0, 65.0, 65.0, 65.0, 65.0, 65.0, 65.0, 65.0, 65.0, 65.0, 65.0, 65.0, 65.0, 65.0, 64.0, 64.0, 64.0, 64.0, 63.0, 63.0, 63.0, 63.0, 63.0, 63.0, 63.0, 63.0, 63.0, 63.0, 63.0, 63.0, 63.0, 63.0, 63.0, 63.0, 63.0, 63.0, 63.0, 63.0, 63.0, 62.0, 60.0, 60.0, 60.0, 60.0, 60.0, 60.0, 60.0, 59.0, 59.0, 59.0, 59.0, 59.0, 59.0, 58.0, 58.0, 58.0, 58.0, 58.0, 58.0, 58.0, 58.0, 58.0, 58.0, 58.0, 58.0, 58.0, 58.0, 58.0, 58.0, 58.0, 58.0, 58.0, 58.0, 58.0, 58.0, 58.0, 58.0, 58.0, 58.0, 58.0, 58.0, 58.0, 58.0, 58.0, 57.0, 57.0, 57.0, 57.0, 57.0, 57.0, 56.0, 56.0, 56.0, 56.0, 56.0, 56.0, 56.0, 56.0, 56.0, 56.0, 56.0, 56.0, 55.0, 55.0, 55.0, 55.0, 55.0, 55.0, 54.0, 53.0, 53.0, 53.0, 53.0, 53.0, 53.0, 53.0, 53.0, 53.0, 53.0, 53.0, 53.0, 53.0, 53.0, 53.0, 52.0, 52.0, 52.0, 52.0, 52.0, 52.0, 52.0, 52.0, 52.0, 52.0, 52.0, 52.0, 52.0, 52.0, 52.0, 52.0, 52.0, 52.0, 52.0, 52.0, 52.0, 52.0, 52.0, 51.0, 51.0, 51.0, 51.0, 51.0, 51.0, 51.0, 51.0, 51.0, 51.0, 51.0, 51.0, 51.0, 51.0, 51.0, 51.0, 51.0, 51.0, 51.0, 51.0, 51.0];
u1=[7243.0, 3333.0, 1442.0, 850.0, 590.0, 440.0, 392.0, 346.0, 316.0, 295.0, 279.0, 268.0, 256.0, 254.0, 245.0, 236.0, 227.0, 220.0, 214.0, 208.0, 202.0, 199.0, 193.0, 191.0, 186.0, 185.0, 182.0, 181.0, 180.0, 178.0, 175.0, 168.0, 167.0, 161.0, 158.0, 156.0, 154.0, 152.0, 150.0, 149.0, 147.0, 144.0, 144.0, 142.0, 140.0, 139.0, 139.0, 139.0, 138.0, 137.0, 137.0, 137.0, 135.0, 134.0, 134.0, 133.0, 128.0, 127.0, 125.0, 124.0, 123.0, 122.0, 122.0, 122.0, 121.0, 120.0, 120.0, 120.0, 117.0, 116.0, 116.0, 116.0, 115.0, 114.0, 113.0, 113.0, 113.0, 112.0, 111.0, 110.0, 109.0, 109.0, 109.0, 109.0, 107.0, 106.0, 106.0, 105.0, 105.0, 105.0, 105.0, 105.0, 105.0, 105.0, 105.0, 104.0, 104.0, 103.0, 102.0, 102.0, 102.0, 102.0, 101.0, 101.0, 101.0, 101.0, 101.0, 101.0, 100.0, 100.0, 99.0, 99.0, 99.0, 97.0, 97.0, 96.0, 96.0, 96.0, 96.0, 95.0, 95.0, 94.0, 94.0, 93.0, 93.0, 93.0, 93.0, 92.0, 92.0, 92.0, 92.0, 91.0, 91.0, 91.0, 91.0, 91.0, 91.0, 91.0, 89.0, 88.0, 88.0, 88.0, 88.0, 88.0, 88.0, 87.0, 86.0, 86.0, 86.0, 86.0, 85.0, 85.0, 85.0, 85.0, 85.0, 85.0, 85.0, 84.0, 83.0, 82.0, 81.0, 81.0, 81.0, 80.0, 80.0, 80.0, 80.0, 80.0, 80.0, 79.0, 78.0, 78.0, 78.0, 78.0, 78.0, 78.0, 77.0, 76.0, 76.0, 76.0, 76.0, 76.0, 76.0, 75.0, 75.0, 75.0, 75.0, 75.0, 75.0, 75.0, 75.0, 75.0, 75.0, 75.0, 75.0, 74.0, 73.0, 73.0, 73.0, 73.0, 73.0, 73.0, 73.0, 73.0, 73.0, 72.0, 72.0, 72.0, 72.0, 72.0, 72.0, 72.0, 72.0, 72.0, 71.0, 71.0, 71.0, 71.0, 71.0, 70.0, 70.0, 70.0, 70.0, 70.0, 70.0, 70.0, 70.0, 69.0, 69.0, 69.0, 69.0, 69.0, 69.0, 69.0, 69.0, 69.0, 69.0, 69.0, 69.0, 69.0, 69.0, 69.0, 69.0, 69.0, 69.0, 68.0, 67.0, 67.0, 67.0, 67.0, 67.0, 67.0, 67.0, 67.0, 67.0, 67.0, 67.0, 67.0, 67.0, 67.0, 67.0, 67.0, 67.0, 67.0, 67.0, 67.0, 67.0, 67.0, 67.0, 67.0, 67.0, 67.0, 67.0, 66.0, 66.0, 66.0, 66.0, 66.0, 66.0, 66.0, 66.0, 66.0, 66.0, 66.0, 66.0, 65.0, 65.0, 65.0, 65.0, 65.0, 65.0, 65.0, 65.0, 65.0, 65.0, 65.0, 65.0, 65.0, 65.0, 65.0, 65.0, 65.0, 65.0, 65.0, 65.0, 65.0, 64.0, 64.0, 64.0, 64.0, 64.0, 64.0, 64.0, 64.0, 64.0, 64.0, 64.0, 64.0, 64.0, 64.0, 64.0, 63.0, 63.0, 63.0, 63.0, 63.0, 63.0, 63.0, 63.0, 62.0, 62.0, 62.0, 61.0, 61.0, 61.0, 61.0, 61.0, 60.0, 60.0, 60.0, 60.0, 60.0, 60.0, 60.0, 60.0, 60.0, 60.0, 60.0, 60.0, 60.0, 60.0, 60.0, 60.0, 60.0, 60.0, 60.0, 60.0, 60.0, 60.0, 60.0, 60.0, 59.0, 59.0, 59.0, 59.0, 59.0, 59.0, 59.0, 59.0, 59.0, 59.0, 59.0, 59.0, 59.0, 59.0, 59.0, 59.0, 59.0, 59.0, 59.0, 59.0, 59.0, 59.0, 59.0, 59.0, 59.0, 59.0, 59.0, 59.0, 59.0, 58.0, 57.0, 57.0, 57.0, 57.0, 57.0, 56.0, 56.0, 56.0, 56.0, 56.0, 56.0, 56.0, 56.0, 56.0, 56.0, 56.0, 56.0, 56.0, 55.0, 55.0, 55.0, 55.0, 54.0, 54.0, 54.0, 54.0, 54.0, 54.0, 54.0, 54.0, 54.0, 54.0, 54.0, 54.0, 54.0, 54.0, 54.0, 54.0, 54.0, 54.0, 54.0, 54.0, 54.0, 54.0, 54.0, 54.0, 54.0, 54.0, 54.0, 54.0, 54.0, 54.0, 54.0, 54.0, 54.0, 54.0, 54.0, 54.0, 54.0, 54.0, 54.0, 54.0, 54.0, 54.0, 54.0, 54.0, 54.0, 54.0, 54.0, 54.0, 54.0, 54.0, 54.0, 54.0, 54.0, 54.0, 54.0, 54.0, 54.0, 54.0, 54.0, 54.0, 54.0, 54.0, 54.0, 54.0, 54.0, 54.0, 54.0, 54.0, 54.0, 54.0, 53.0, 53.0, 53.0, 53.0, 53.0, 53.0, 53.0, 53.0, 53.0, 53.0, 53.0, 53.0, 53.0, 53.0, 53.0, 53.0];
u2=[7277.0, 3410.0, 1794.0, 977.0, 587.0, 440.0, 383.0, 348.0, 317.0, 304.0, 286.0, 262.0, 251.0, 244.0, 235.0, 221.0, 214.0, 207.0, 201.0, 192.0, 188.0, 186.0, 184.0, 180.0, 175.0, 170.0, 169.0, 167.0, 164.0, 164.0, 162.0, 160.0, 154.0, 150.0, 147.0, 143.0, 140.0, 138.0, 135.0, 135.0, 133.0, 132.0, 131.0, 130.0, 129.0, 127.0, 127.0, 127.0, 125.0, 124.0, 122.0, 122.0, 120.0, 119.0, 119.0, 117.0, 117.0, 116.0, 114.0, 114.0, 112.0, 111.0, 111.0, 109.0, 109.0, 108.0, 108.0, 107.0, 107.0, 107.0, 107.0, 106.0, 106.0, 104.0, 104.0, 104.0, 104.0, 102.0, 101.0, 100.0, 100.0, 100.0, 100.0, 100.0, 100.0, 99.0, 99.0, 99.0, 99.0, 99.0, 99.0, 99.0, 99.0, 99.0, 98.0, 97.0, 97.0, 97.0, 97.0, 95.0, 95.0, 94.0, 94.0, 94.0, 94.0, 94.0, 94.0, 94.0, 94.0, 94.0, 94.0, 94.0, 94.0, 94.0, 94.0, 93.0, 91.0, 91.0, 91.0, 90.0, 90.0, 90.0, 89.0, 89.0, 89.0, 89.0, 89.0, 89.0, 89.0, 89.0, 89.0, 89.0, 89.0, 89.0, 89.0, 89.0, 88.0, 86.0, 86.0, 85.0, 85.0, 84.0, 84.0, 84.0, 84.0, 84.0, 84.0, 84.0, 84.0, 84.0, 83.0, 83.0, 83.0, 82.0, 82.0, 82.0, 82.0, 82.0, 80.0, 79.0, 79.0, 79.0, 79.0, 79.0, 79.0, 79.0, 78.0, 76.0, 76.0, 76.0, 76.0, 76.0, 76.0, 73.0, 73.0, 73.0, 73.0, 73.0, 73.0, 73.0, 73.0, 73.0, 72.0, 72.0, 72.0, 72.0, 72.0, 72.0, 72.0, 72.0, 72.0, 72.0, 71.0, 71.0, 71.0, 71.0, 71.0, 70.0, 70.0, 70.0, 70.0, 69.0, 68.0, 68.0, 68.0, 68.0, 68.0, 68.0, 68.0, 68.0, 68.0, 68.0, 68.0, 68.0, 68.0, 67.0, 67.0, 67.0, 67.0, 67.0, 67.0, 67.0, 67.0, 67.0, 67.0, 67.0, 67.0, 67.0, 66.0, 66.0, 66.0, 66.0, 66.0, 66.0, 66.0, 66.0, 66.0, 66.0, 66.0, 66.0, 66.0, 66.0, 66.0, 66.0, 65.0, 65.0, 65.0, 65.0, 64.0, 64.0, 64.0, 63.0, 63.0, 63.0, 63.0, 63.0, 63.0, 63.0, 63.0, 63.0, 63.0, 63.0, 63.0, 63.0, 63.0, 63.0, 63.0, 63.0, 63.0, 63.0, 63.0, 63.0, 63.0, 63.0, 63.0, 63.0, 63.0, 63.0, 63.0, 63.0, 63.0, 63.0, 63.0, 63.0, 63.0, 63.0, 63.0, 63.0, 63.0, 63.0, 63.0, 63.0, 63.0, 63.0, 63.0, 63.0, 63.0, 63.0, 63.0, 63.0, 63.0, 63.0, 63.0, 63.0, 63.0, 63.0, 63.0, 63.0, 63.0, 63.0, 63.0, 63.0, 63.0, 63.0, 63.0, 63.0, 62.0, 62.0, 62.0, 62.0, 62.0, 62.0, 62.0, 62.0, 62.0, 62.0, 62.0, 61.0, 61.0, 61.0, 61.0, 61.0, 61.0, 61.0, 61.0, 61.0, 61.0, 61.0, 61.0, 61.0, 61.0, 61.0, 61.0, 61.0, 61.0, 61.0, 61.0, 61.0, 61.0, 61.0, 61.0, 61.0, 61.0, 61.0, 61.0, 61.0, 60.0, 60.0, 59.0, 59.0, 59.0, 59.0, 59.0, 59.0, 59.0, 59.0, 59.0, 59.0, 59.0, 59.0, 59.0, 59.0, 59.0, 59.0, 59.0, 59.0, 59.0, 59.0, 58.0, 58.0, 58.0, 58.0, 58.0, 58.0, 58.0, 58.0, 58.0, 58.0, 58.0, 57.0, 57.0, 56.0, 56.0, 56.0, 56.0, 56.0, 56.0, 56.0, 56.0, 56.0, 56.0, 56.0, 56.0, 56.0, 56.0, 56.0, 56.0, 55.0, 54.0, 54.0, 54.0, 54.0, 54.0, 54.0, 54.0, 54.0, 54.0, 54.0, 54.0, 53.0, 52.0, 52.0, 52.0, 52.0, 52.0, 52.0, 52.0, 52.0, 52.0, 52.0, 52.0, 52.0, 52.0, 52.0, 52.0, 52.0, 52.0, 52.0, 52.0, 52.0, 52.0, 52.0, 52.0, 52.0, 52.0, 52.0, 52.0, 52.0, 52.0, 52.0, 52.0, 52.0, 52.0, 52.0, 52.0, 52.0, 52.0, 52.0, 52.0, 52.0, 52.0, 52.0, 52.0, 52.0, 52.0, 52.0, 52.0, 52.0, 51.0, 51.0, 51.0, 50.0, 50.0, 50.0, 50.0, 50.0, 50.0, 50.0, 50.0, 50.0, 50.0, 50.0, 50.0, 50.0, 50.0, 49.0, 49.0, 49.0, 49.0, 49.0, 49.0, 49.0, 49.0, 49.0, 49.0, 49.0, 49.0, 49.0, 49.0];
u3=[7576.0, 3462.0, 1701.0, 945.0, 570.0, 427.0, 378.0, 339.0, 321.0, 310.0, 296.0, 279.0, 266.0, 253.0, 243.0, 240.0, 235.0, 233.0, 228.0, 224.0, 216.0, 212.0, 209.0, 203.0, 194.0, 192.0, 186.0, 185.0, 185.0, 182.0, 178.0, 175.0, 173.0, 171.0, 169.0, 168.0, 163.0, 162.0, 160.0, 159.0, 157.0, 157.0, 156.0, 153.0, 153.0, 149.0, 148.0, 148.0, 147.0, 145.0, 144.0, 141.0, 139.0, 137.0, 136.0, 136.0, 133.0, 133.0, 132.0, 131.0, 130.0, 130.0, 128.0, 126.0, 125.0, 124.0, 122.0, 121.0, 119.0, 119.0, 118.0, 117.0, 116.0, 116.0, 114.0, 112.0, 112.0, 111.0, 111.0, 110.0, 109.0, 109.0, 108.0, 106.0, 105.0, 105.0, 105.0, 105.0, 105.0, 105.0, 105.0, 103.0, 103.0, 102.0, 102.0, 101.0, 101.0, 101.0, 101.0, 101.0, 100.0, 100.0, 100.0, 98.0, 98.0, 98.0, 98.0, 97.0, 96.0, 95.0, 93.0, 93.0, 93.0, 93.0, 93.0, 93.0, 92.0, 92.0, 92.0, 91.0, 91.0, 91.0, 91.0, 91.0, 91.0, 91.0, 91.0, 91.0, 91.0, 91.0, 91.0, 91.0, 90.0, 89.0, 89.0, 89.0, 89.0, 89.0, 89.0, 89.0, 89.0, 88.0, 88.0, 87.0, 87.0, 87.0, 87.0, 87.0, 87.0, 87.0, 87.0, 87.0, 87.0, 87.0, 87.0, 87.0, 87.0, 87.0, 86.0, 86.0, 85.0, 85.0, 85.0, 85.0, 85.0, 85.0, 85.0, 85.0, 85.0, 85.0, 84.0, 83.0, 81.0, 81.0, 81.0, 81.0, 81.0, 80.0, 80.0, 80.0, 80.0, 80.0, 80.0, 80.0, 80.0, 80.0, 80.0, 80.0, 80.0, 80.0, 80.0, 80.0, 80.0, 80.0, 80.0, 79.0, 79.0, 78.0, 78.0, 78.0, 77.0, 77.0, 77.0, 77.0, 77.0, 77.0, 75.0, 75.0, 75.0, 75.0, 75.0, 75.0, 75.0, 75.0, 75.0, 75.0, 74.0, 74.0, 73.0, 72.0, 72.0, 72.0, 72.0, 72.0, 72.0, 72.0, 72.0, 72.0, 72.0, 72.0, 72.0, 72.0, 72.0, 71.0, 71.0, 71.0, 71.0, 71.0, 71.0, 71.0, 71.0, 71.0, 71.0, 71.0, 71.0, 71.0, 71.0, 71.0, 71.0, 71.0, 70.0, 70.0, 69.0, 69.0, 69.0, 69.0, 69.0, 69.0, 69.0, 68.0, 68.0, 67.0, 67.0, 66.0, 66.0, 66.0, 66.0, 66.0, 66.0, 65.0, 65.0, 65.0, 65.0, 65.0, 65.0, 65.0, 65.0, 65.0, 65.0, 65.0, 65.0, 65.0, 64.0, 64.0, 62.0, 62.0, 62.0, 62.0, 62.0, 61.0, 61.0, 61.0, 61.0, 60.0, 60.0, 60.0, 60.0, 60.0, 60.0, 60.0, 60.0, 60.0, 60.0, 60.0, 60.0, 60.0, 60.0, 59.0, 59.0, 59.0, 59.0, 59.0, 59.0, 59.0, 59.0, 59.0, 58.0, 58.0, 58.0, 58.0, 58.0, 58.0, 58.0, 58.0, 58.0, 58.0, 58.0, 58.0, 58.0, 58.0, 58.0, 58.0, 58.0, 58.0, 58.0, 58.0, 58.0, 58.0, 58.0, 57.0, 57.0, 57.0, 57.0, 57.0, 57.0, 57.0, 57.0, 57.0, 56.0, 56.0, 56.0, 56.0, 56.0, 56.0, 55.0, 55.0, 55.0, 55.0, 55.0, 55.0, 55.0, 55.0, 55.0, 55.0, 55.0, 55.0, 55.0, 55.0, 55.0, 55.0, 55.0, 55.0, 55.0, 55.0, 55.0, 55.0, 55.0, 55.0, 55.0, 55.0, 55.0, 55.0, 55.0, 55.0, 55.0, 55.0, 55.0, 55.0, 55.0, 55.0, 55.0, 55.0, 55.0, 55.0, 55.0, 54.0, 54.0, 53.0, 53.0, 52.0, 52.0, 52.0, 52.0, 52.0, 52.0, 52.0, 52.0, 52.0, 52.0, 52.0, 52.0, 52.0, 52.0, 52.0, 52.0, 52.0, 52.0, 51.0, 50.0, 50.0, 50.0, 50.0, 50.0, 50.0, 50.0, 50.0, 50.0, 50.0, 50.0, 50.0, 50.0, 50.0, 50.0, 50.0, 50.0, 50.0, 50.0, 50.0, 49.0, 49.0, 48.0, 48.0, 48.0, 48.0, 48.0, 48.0, 48.0, 48.0, 48.0, 48.0, 48.0, 48.0, 48.0, 48.0, 48.0, 48.0, 48.0, 48.0, 48.0, 48.0, 48.0, 48.0, 48.0, 48.0, 48.0, 48.0, 48.0, 48.0, 48.0, 48.0, 48.0, 48.0, 48.0, 48.0, 48.0, 48.0, 48.0, 48.0, 48.0, 48.0, 48.0, 48.0, 48.0, 48.0, 48.0, 48.0, 48.0, 48.0, 48.0, 48.0, 48.0, 47.0, 47.0, 47.0, 47.0, 47.0, 47.0, 47.0, 47.0];
u4=[7635.0, 3165.0, 1499.0, 877.0, 586.0, 449.0, 390.0, 343.0, 317.0, 300.0, 282.0, 264.0, 246.0, 242.0, 234.0, 225.0, 220.0, 214.0, 205.0, 202.0, 196.0, 191.0, 190.0, 185.0, 185.0, 177.0, 174.0, 172.0, 165.0, 162.0, 161.0, 159.0, 158.0, 157.0, 154.0, 154.0, 151.0, 150.0, 149.0, 147.0, 145.0, 145.0, 143.0, 143.0, 143.0, 139.0, 138.0, 135.0, 134.0, 134.0, 132.0, 132.0, 130.0, 129.0, 127.0, 126.0, 123.0, 122.0, 121.0, 120.0, 120.0, 119.0, 119.0, 119.0, 119.0, 118.0, 117.0, 117.0, 117.0, 113.0, 112.0, 112.0, 111.0, 110.0, 110.0, 109.0, 108.0, 108.0, 107.0, 107.0, 106.0, 104.0, 104.0, 103.0, 102.0, 102.0, 100.0, 99.0, 96.0, 96.0, 96.0, 96.0, 96.0, 93.0, 93.0, 92.0, 92.0, 92.0, 92.0, 92.0, 91.0, 91.0, 89.0, 89.0, 89.0, 89.0, 89.0, 89.0, 89.0, 89.0, 89.0, 89.0, 89.0, 89.0, 89.0, 89.0, 89.0, 89.0, 89.0, 89.0, 88.0, 88.0, 87.0, 87.0, 86.0, 86.0, 86.0, 84.0, 84.0, 84.0, 84.0, 84.0, 84.0, 84.0, 83.0, 82.0, 82.0, 82.0, 81.0, 81.0, 81.0, 81.0, 81.0, 81.0, 81.0, 80.0, 80.0, 80.0, 80.0, 80.0, 80.0, 78.0, 78.0, 78.0, 76.0, 75.0, 75.0, 75.0, 74.0, 74.0, 73.0, 73.0, 73.0, 72.0, 72.0, 71.0, 71.0, 71.0, 70.0, 70.0, 70.0, 70.0, 70.0, 70.0, 70.0, 70.0, 69.0, 69.0, 69.0, 69.0, 69.0, 69.0, 69.0, 69.0, 69.0, 69.0, 69.0, 69.0, 69.0, 68.0, 68.0, 68.0, 68.0, 68.0, 67.0, 67.0, 67.0, 67.0, 67.0, 67.0, 67.0, 67.0, 67.0, 67.0, 66.0, 66.0, 66.0, 66.0, 66.0, 66.0, 66.0, 66.0, 65.0, 65.0, 64.0, 64.0, 64.0, 64.0, 64.0, 64.0, 63.0, 63.0, 63.0, 62.0, 62.0, 62.0, 62.0, 62.0, 62.0, 62.0, 62.0, 62.0, 62.0, 62.0, 62.0, 62.0, 61.0, 60.0, 60.0, 60.0, 60.0, 60.0, 60.0, 60.0, 60.0, 60.0, 60.0, 60.0, 60.0, 60.0, 60.0, 60.0, 60.0, 60.0, 60.0, 60.0, 60.0, 60.0, 60.0, 60.0, 60.0, 60.0, 60.0, 60.0, 60.0, 60.0, 60.0, 60.0, 60.0, 59.0, 59.0, 59.0, 59.0, 59.0, 59.0, 59.0, 59.0, 59.0, 59.0, 59.0, 59.0, 59.0, 59.0, 59.0, 59.0, 59.0, 59.0, 59.0, 59.0, 59.0, 59.0, 59.0, 59.0, 59.0, 59.0, 59.0, 59.0, 59.0, 59.0, 58.0, 58.0, 58.0, 58.0, 58.0, 58.0, 58.0, 58.0, 58.0, 58.0, 58.0, 58.0, 58.0, 58.0, 58.0, 58.0, 58.0, 58.0, 58.0, 58.0, 58.0, 58.0, 58.0, 58.0, 58.0, 58.0, 58.0, 58.0, 58.0, 58.0, 58.0, 58.0, 58.0, 58.0, 58.0, 58.0, 58.0, 58.0, 58.0, 58.0, 58.0, 57.0, 57.0, 57.0, 57.0, 57.0, 57.0, 57.0, 57.0, 57.0, 57.0, 57.0, 57.0, 57.0, 57.0, 57.0, 57.0, 57.0, 57.0, 57.0, 57.0, 57.0, 57.0, 57.0, 57.0, 57.0, 57.0, 57.0, 57.0, 57.0, 57.0, 57.0, 57.0, 57.0, 57.0, 57.0, 57.0, 57.0, 57.0, 57.0, 57.0, 57.0, 57.0, 57.0, 57.0, 57.0, 57.0, 57.0, 57.0, 57.0, 57.0, 57.0, 57.0, 57.0, 57.0, 56.0, 56.0, 56.0, 56.0, 56.0, 56.0, 56.0, 56.0, 56.0, 56.0, 56.0, 56.0, 56.0, 56.0, 54.0, 54.0, 54.0, 54.0, 54.0, 54.0, 54.0, 54.0, 54.0, 54.0, 54.0, 54.0, 54.0, 54.0, 54.0, 54.0, 54.0, 54.0, 54.0, 54.0, 54.0, 54.0, 54.0, 54.0, 54.0, 54.0, 54.0, 54.0, 54.0, 54.0, 54.0, 54.0, 54.0, 52.0, 52.0, 52.0, 52.0, 52.0, 52.0, 52.0, 51.0, 51.0, 50.0, 50.0, 50.0, 50.0, 50.0, 50.0, 50.0, 50.0, 50.0, 50.0, 50.0, 50.0, 50.0, 50.0, 50.0, 50.0, 50.0, 50.0, 50.0, 50.0, 50.0, 50.0, 50.0, 50.0, 50.0, 50.0, 50.0, 49.0, 49.0, 49.0, 49.0, 49.0, 49.0, 49.0, 49.0, 49.0, 49.0, 49.0, 49.0, 49.0, 49.0, 49.0, 49.0, 49.0, 49.0, 49.0, 49.0, 49.0, 49.0];
u5=[7576.0, 2977.0, 1427.0, 831.0, 553.0, 447.0, 389.0, 351.0, 326.0, 306.0, 291.0, 279.0, 264.0, 253.0, 241.0, 236.0, 229.0, 228.0, 221.0, 214.0, 209.0, 201.0, 197.0, 188.0, 186.0, 184.0, 180.0, 174.0, 172.0, 169.0, 166.0, 163.0, 161.0, 157.0, 156.0, 155.0, 152.0, 150.0, 144.0, 142.0, 141.0, 137.0, 135.0, 134.0, 133.0, 132.0, 129.0, 129.0, 127.0, 127.0, 126.0, 126.0, 126.0, 125.0, 124.0, 122.0, 122.0, 121.0, 121.0, 120.0, 119.0, 119.0, 119.0, 119.0, 119.0, 118.0, 118.0, 118.0, 116.0, 116.0, 115.0, 114.0, 114.0, 114.0, 111.0, 111.0, 111.0, 110.0, 110.0, 108.0, 108.0, 106.0, 106.0, 106.0, 106.0, 106.0, 105.0, 103.0, 103.0, 101.0, 101.0, 100.0, 100.0, 100.0, 100.0, 100.0, 100.0, 99.0, 98.0, 97.0, 97.0, 97.0, 97.0, 97.0, 97.0, 95.0, 95.0, 95.0, 94.0, 94.0, 94.0, 94.0, 94.0, 93.0, 93.0, 93.0, 93.0, 93.0, 93.0, 93.0, 93.0, 93.0, 93.0, 93.0, 93.0, 92.0, 92.0, 92.0, 92.0, 91.0, 90.0, 90.0, 90.0, 89.0, 89.0, 89.0, 89.0, 89.0, 88.0, 88.0, 88.0, 87.0, 85.0, 85.0, 85.0, 85.0, 84.0, 83.0, 82.0, 82.0, 82.0, 82.0, 82.0, 82.0, 82.0, 82.0, 82.0, 82.0, 82.0, 82.0, 82.0, 82.0, 82.0, 82.0, 81.0, 81.0, 81.0, 81.0, 81.0, 81.0, 81.0, 80.0, 80.0, 80.0, 80.0, 80.0, 80.0, 80.0, 80.0, 79.0, 79.0, 79.0, 79.0, 79.0, 79.0, 79.0, 79.0, 79.0, 79.0, 79.0, 78.0, 78.0, 78.0, 78.0, 78.0, 76.0, 76.0, 76.0, 76.0, 76.0, 76.0, 76.0, 76.0, 76.0, 75.0, 75.0, 74.0, 74.0, 74.0, 74.0, 74.0, 74.0, 74.0, 74.0, 74.0, 74.0, 74.0, 73.0, 73.0, 73.0, 73.0, 73.0, 72.0, 71.0, 71.0, 71.0, 71.0, 71.0, 71.0, 71.0, 71.0, 71.0, 71.0, 71.0, 70.0, 70.0, 70.0, 70.0, 70.0, 70.0, 69.0, 69.0, 69.0, 69.0, 69.0, 69.0, 69.0, 69.0, 68.0, 68.0, 68.0, 68.0, 68.0, 68.0, 68.0, 68.0, 68.0, 68.0, 67.0, 66.0, 66.0, 66.0, 66.0, 66.0, 66.0, 66.0, 66.0, 66.0, 66.0, 66.0, 66.0, 66.0, 66.0, 66.0, 66.0, 66.0, 66.0, 66.0, 66.0, 66.0, 66.0, 66.0, 66.0, 66.0, 65.0, 65.0, 65.0, 65.0, 65.0, 65.0, 65.0, 65.0, 65.0, 65.0, 65.0, 65.0, 65.0, 65.0, 65.0, 64.0, 64.0, 64.0, 64.0, 63.0, 63.0, 62.0, 62.0, 62.0, 62.0, 62.0, 62.0, 62.0, 62.0, 62.0, 61.0, 61.0, 61.0, 61.0, 61.0, 61.0, 61.0, 61.0, 61.0, 61.0, 61.0, 61.0, 61.0, 61.0, 61.0, 61.0, 61.0, 60.0, 60.0, 60.0, 60.0, 60.0, 60.0, 59.0, 59.0, 59.0, 59.0, 59.0, 59.0, 59.0, 59.0, 59.0, 59.0, 57.0, 57.0, 57.0, 57.0, 57.0, 56.0, 56.0, 56.0, 56.0, 56.0, 56.0, 56.0, 56.0, 56.0, 56.0, 54.0, 54.0, 53.0, 53.0, 53.0, 53.0, 53.0, 53.0, 53.0, 52.0, 52.0, 52.0, 52.0, 52.0, 52.0, 52.0, 52.0, 52.0, 52.0, 52.0, 52.0, 52.0, 51.0, 51.0, 51.0, 51.0, 51.0, 51.0, 51.0, 51.0, 51.0, 51.0, 51.0, 51.0, 51.0, 51.0, 51.0, 51.0, 51.0, 51.0, 51.0, 51.0, 51.0, 51.0, 51.0, 51.0, 51.0, 51.0, 51.0, 51.0, 51.0, 51.0, 51.0, 51.0, 51.0, 51.0, 51.0, 50.0, 50.0, 50.0, 50.0, 50.0, 50.0, 50.0, 50.0, 50.0, 50.0, 50.0, 50.0, 50.0, 50.0, 50.0, 50.0, 50.0, 50.0, 50.0, 50.0, 50.0, 50.0, 50.0, 50.0, 50.0, 50.0, 50.0, 50.0, 50.0, 50.0, 50.0, 50.0, 50.0, 50.0, 50.0, 50.0, 50.0, 50.0, 50.0, 50.0, 50.0, 50.0, 50.0, 50.0, 50.0, 50.0, 50.0, 50.0, 50.0, 50.0, 49.0, 49.0, 49.0, 49.0, 49.0, 48.0, 48.0, 48.0, 48.0, 48.0, 48.0, 48.0, 48.0, 48.0, 48.0, 48.0, 48.0, 48.0, 48.0, 48.0, 48.0, 48.0, 48.0, 48.0, 48.0, 48.0, 48.0, 48.0, 48.0, 48.0];
u6=[6884.0, 3086.0, 1409.0, 761.0, 501.0, 417.0, 367.0, 332.0, 311.0, 296.0, 286.0, 276.0, 265.0, 258.0, 244.0, 237.0, 230.0, 221.0, 219.0, 210.0, 206.0, 202.0, 199.0, 192.0, 189.0, 185.0, 180.0, 174.0, 173.0, 170.0, 168.0, 165.0, 163.0, 161.0, 159.0, 158.0, 157.0, 156.0, 154.0, 151.0, 150.0, 149.0, 148.0, 147.0, 143.0, 142.0, 138.0, 136.0, 136.0, 134.0, 132.0, 130.0, 128.0, 128.0, 127.0, 127.0, 123.0, 123.0, 120.0, 120.0, 119.0, 118.0, 118.0, 116.0, 116.0, 115.0, 115.0, 114.0, 112.0, 111.0, 111.0, 109.0, 109.0, 109.0, 109.0, 109.0, 109.0, 106.0, 106.0, 106.0, 105.0, 105.0, 105.0, 105.0, 104.0, 101.0, 100.0, 100.0, 98.0, 98.0, 98.0, 96.0, 96.0, 95.0, 95.0, 94.0, 94.0, 94.0, 94.0, 94.0, 93.0, 93.0, 92.0, 92.0, 92.0, 92.0, 92.0, 92.0, 92.0, 91.0, 91.0, 91.0, 91.0, 91.0, 91.0, 91.0, 91.0, 91.0, 90.0, 90.0, 90.0, 89.0, 89.0, 89.0, 88.0, 87.0, 86.0, 86.0, 86.0, 85.0, 85.0, 85.0, 85.0, 85.0, 83.0, 83.0, 83.0, 83.0, 83.0, 83.0, 83.0, 83.0, 82.0, 82.0, 82.0, 82.0, 82.0, 82.0, 82.0, 82.0, 82.0, 82.0, 82.0, 81.0, 81.0, 81.0, 81.0, 81.0, 81.0, 81.0, 81.0, 80.0, 80.0, 80.0, 80.0, 80.0, 80.0, 80.0, 80.0, 80.0, 80.0, 80.0, 79.0, 78.0, 77.0, 77.0, 77.0, 77.0, 77.0, 77.0, 77.0, 77.0, 77.0, 77.0, 77.0, 77.0, 77.0, 77.0, 77.0, 77.0, 77.0, 77.0, 77.0, 77.0, 77.0, 77.0, 76.0, 76.0, 76.0, 76.0, 74.0, 74.0, 74.0, 74.0, 74.0, 74.0, 74.0, 73.0, 73.0, 73.0, 73.0, 73.0, 73.0, 73.0, 73.0, 73.0, 73.0, 73.0, 73.0, 73.0, 73.0, 73.0, 72.0, 72.0, 72.0, 71.0, 71.0, 71.0, 71.0, 71.0, 71.0, 70.0, 70.0, 70.0, 69.0, 69.0, 69.0, 69.0, 68.0, 68.0, 68.0, 67.0, 67.0, 67.0, 67.0, 66.0, 66.0, 66.0, 66.0, 66.0, 66.0, 66.0, 66.0, 66.0, 66.0, 66.0, 66.0, 66.0, 66.0, 65.0, 65.0, 65.0, 65.0, 65.0, 65.0, 65.0, 65.0, 65.0, 65.0, 65.0, 63.0, 63.0, 63.0, 63.0, 63.0, 63.0, 63.0, 63.0, 63.0, 63.0, 63.0, 63.0, 63.0, 63.0, 63.0, 62.0, 62.0, 62.0, 62.0, 62.0, 61.0, 60.0, 60.0, 60.0, 60.0, 60.0, 60.0, 60.0, 60.0, 60.0, 60.0, 60.0, 60.0, 60.0, 60.0, 60.0, 60.0, 60.0, 60.0, 60.0, 60.0, 60.0, 60.0, 60.0, 60.0, 60.0, 60.0, 60.0, 60.0, 60.0, 60.0, 60.0, 59.0, 59.0, 59.0, 59.0, 59.0, 59.0, 59.0, 59.0, 59.0, 59.0, 59.0, 58.0, 58.0, 57.0, 57.0, 57.0, 57.0, 57.0, 57.0, 57.0, 57.0, 57.0, 57.0, 57.0, 57.0, 57.0, 56.0, 56.0, 56.0, 56.0, 56.0, 56.0, 56.0, 56.0, 56.0, 56.0, 55.0, 55.0, 55.0, 55.0, 55.0, 55.0, 55.0, 55.0, 55.0, 55.0, 55.0, 55.0, 55.0, 55.0, 55.0, 55.0, 55.0, 55.0, 55.0, 55.0, 55.0, 54.0, 54.0, 54.0, 54.0, 54.0, 54.0, 54.0, 54.0, 54.0, 54.0, 54.0, 54.0, 54.0, 54.0, 54.0, 54.0, 54.0, 54.0, 54.0, 54.0, 54.0, 54.0, 54.0, 54.0, 54.0, 54.0, 54.0, 54.0, 54.0, 54.0, 54.0, 54.0, 54.0, 54.0, 54.0, 54.0, 54.0, 54.0, 54.0, 54.0, 54.0, 54.0, 54.0, 54.0, 54.0, 54.0, 54.0, 54.0, 54.0, 54.0, 54.0, 54.0, 54.0, 54.0, 54.0, 54.0, 54.0, 54.0, 54.0, 54.0, 54.0, 54.0, 54.0, 54.0, 54.0, 54.0, 54.0, 54.0, 54.0, 54.0, 54.0, 54.0, 54.0, 54.0, 54.0, 54.0, 54.0, 53.0, 53.0, 53.0, 53.0, 53.0, 53.0, 53.0, 53.0, 53.0, 53.0, 53.0, 53.0, 53.0, 53.0, 53.0, 53.0, 53.0, 53.0, 53.0, 53.0, 53.0, 53.0, 53.0, 53.0, 53.0, 53.0, 53.0, 53.0, 53.0, 53.0, 53.0, 53.0, 53.0, 53.0, 53.0, 53.0, 53.0, 53.0, 53.0, 53.0, 53.0, 53.0, 53.0];
u7=[6919.0, 3093.0, 1366.0, 747.0, 520.0, 432.0, 386.0, 360.0, 335.0, 306.0, 288.0, 272.0, 259.0, 253.0, 243.0, 232.0, 223.0, 221.0, 214.0, 208.0, 203.0, 202.0, 194.0, 191.0, 190.0, 182.0, 181.0, 179.0, 176.0, 174.0, 170.0, 166.0, 162.0, 160.0, 158.0, 157.0, 157.0, 156.0, 156.0, 156.0, 154.0, 152.0, 150.0, 150.0, 149.0, 145.0, 140.0, 137.0, 137.0, 136.0, 134.0, 131.0, 131.0, 128.0, 126.0, 125.0, 123.0, 119.0, 118.0, 116.0, 115.0, 115.0, 115.0, 114.0, 113.0, 113.0, 113.0, 113.0, 110.0, 109.0, 109.0, 109.0, 108.0, 108.0, 108.0, 108.0, 108.0, 108.0, 106.0, 104.0, 103.0, 102.0, 101.0, 99.0, 99.0, 98.0, 98.0, 98.0, 97.0, 97.0, 97.0, 97.0, 96.0, 96.0, 96.0, 96.0, 96.0, 96.0, 96.0, 96.0, 96.0, 94.0, 92.0, 91.0, 91.0, 90.0, 90.0, 89.0, 88.0, 88.0, 88.0, 88.0, 88.0, 87.0, 85.0, 85.0, 85.0, 85.0, 85.0, 85.0, 85.0, 85.0, 85.0, 85.0, 85.0, 85.0, 85.0, 85.0, 85.0, 85.0, 85.0, 85.0, 84.0, 84.0, 84.0, 84.0, 84.0, 84.0, 84.0, 84.0, 84.0, 84.0, 84.0, 83.0, 83.0, 83.0, 81.0, 81.0, 81.0, 81.0, 81.0, 81.0, 81.0, 80.0, 80.0, 80.0, 80.0, 80.0, 80.0, 80.0, 80.0, 80.0, 80.0, 80.0, 80.0, 80.0, 80.0, 80.0, 80.0, 80.0, 79.0, 79.0, 79.0, 78.0, 78.0, 78.0, 77.0, 77.0, 76.0, 75.0, 75.0, 75.0, 75.0, 75.0, 75.0, 74.0, 74.0, 74.0, 74.0, 74.0, 74.0, 74.0, 74.0, 74.0, 74.0, 74.0, 73.0, 73.0, 73.0, 72.0, 72.0, 72.0, 72.0, 72.0, 72.0, 71.0, 71.0, 71.0, 71.0, 71.0, 71.0, 71.0, 71.0, 71.0, 71.0, 71.0, 71.0, 71.0, 71.0, 70.0, 69.0, 69.0, 69.0, 68.0, 68.0, 68.0, 68.0, 68.0, 68.0, 68.0, 68.0, 68.0, 68.0, 68.0, 67.0, 67.0, 67.0, 67.0, 67.0, 67.0, 67.0, 67.0, 67.0, 67.0, 67.0, 67.0, 67.0, 67.0, 67.0, 67.0, 67.0, 66.0, 66.0, 66.0, 66.0, 66.0, 66.0, 66.0, 66.0, 66.0, 66.0, 66.0, 66.0, 66.0, 66.0, 66.0, 66.0, 66.0, 66.0, 66.0, 66.0, 66.0, 66.0, 66.0, 66.0, 65.0, 65.0, 65.0, 65.0, 65.0, 65.0, 65.0, 65.0, 65.0, 64.0, 64.0, 64.0, 64.0, 64.0, 64.0, 64.0, 64.0, 64.0, 64.0, 64.0, 64.0, 64.0, 64.0, 64.0, 64.0, 64.0, 64.0, 64.0, 64.0, 64.0, 64.0, 64.0, 64.0, 64.0, 64.0, 64.0, 64.0, 64.0, 63.0, 63.0, 63.0, 63.0, 63.0, 63.0, 62.0, 62.0, 62.0, 62.0, 62.0, 62.0, 62.0, 62.0, 62.0, 62.0, 62.0, 62.0, 61.0, 61.0, 61.0, 61.0, 61.0, 61.0, 61.0, 61.0, 61.0, 61.0, 61.0, 61.0, 61.0, 61.0, 61.0, 61.0, 61.0, 61.0, 61.0, 61.0, 61.0, 61.0, 61.0, 61.0, 60.0, 60.0, 60.0, 60.0, 60.0, 60.0, 60.0, 60.0, 60.0, 60.0, 60.0, 60.0, 60.0, 60.0, 60.0, 60.0, 60.0, 60.0, 60.0, 60.0, 60.0, 60.0, 60.0, 60.0, 60.0, 60.0, 60.0, 60.0, 60.0, 60.0, 59.0, 59.0, 59.0, 58.0, 58.0, 57.0, 57.0, 57.0, 57.0, 57.0, 57.0, 57.0, 57.0, 57.0, 57.0, 57.0, 57.0, 57.0, 57.0, 57.0, 57.0, 57.0, 57.0, 57.0, 57.0, 57.0, 57.0, 57.0, 57.0, 57.0, 56.0, 56.0, 56.0, 56.0, 56.0, 56.0, 56.0, 56.0, 56.0, 56.0, 56.0, 56.0, 56.0, 56.0, 56.0, 55.0, 55.0, 55.0, 55.0, 55.0, 55.0, 55.0, 55.0, 54.0, 54.0, 54.0, 54.0, 54.0, 54.0, 54.0, 54.0, 54.0, 54.0, 54.0, 54.0, 54.0, 54.0, 54.0, 54.0, 54.0, 54.0, 54.0, 54.0, 54.0, 54.0, 54.0, 54.0, 54.0, 54.0, 54.0, 54.0, 54.0, 54.0, 54.0, 54.0, 54.0, 54.0, 54.0, 54.0, 54.0, 54.0, 54.0, 54.0, 54.0, 54.0, 54.0, 54.0, 54.0, 54.0, 54.0, 54.0, 54.0, 54.0, 54.0, 54.0, 54.0, 54.0, 54.0, 54.0, 54.0, 54.0, 54.0, 54.0, 54.0];
u8=[7320.0, 3128.0, 1628.0, 917.0, 630.0, 464.0, 404.0, 355.0, 328.0, 302.0, 282.0, 271.0, 254.0, 246.0, 239.0, 233.0, 226.0, 221.0, 219.0, 212.0, 205.0, 199.0, 196.0, 191.0, 187.0, 182.0, 175.0, 172.0, 171.0, 168.0, 166.0, 164.0, 164.0, 162.0, 157.0, 155.0, 152.0, 152.0, 150.0, 149.0, 149.0, 147.0, 146.0, 144.0, 143.0, 143.0, 142.0, 142.0, 141.0, 140.0, 139.0, 139.0, 139.0, 137.0, 137.0, 134.0, 133.0, 132.0, 130.0, 128.0, 126.0, 126.0, 126.0, 125.0, 124.0, 123.0, 123.0, 121.0, 121.0, 121.0, 121.0, 121.0, 121.0, 121.0, 120.0, 119.0, 119.0, 119.0, 119.0, 116.0, 114.0, 114.0, 113.0, 112.0, 112.0, 111.0, 107.0, 107.0, 106.0, 105.0, 105.0, 105.0, 104.0, 104.0, 104.0, 104.0, 104.0, 101.0, 101.0, 100.0, 99.0, 99.0, 98.0, 98.0, 98.0, 98.0, 98.0, 98.0, 98.0, 98.0, 98.0, 97.0, 96.0, 94.0, 94.0, 94.0, 94.0, 94.0, 94.0, 94.0, 94.0, 93.0, 93.0, 92.0, 92.0, 92.0, 92.0, 92.0, 92.0, 91.0, 91.0, 91.0, 91.0, 91.0, 91.0, 91.0, 91.0, 90.0, 88.0, 88.0, 88.0, 88.0, 87.0, 87.0, 86.0, 86.0, 85.0, 84.0, 83.0, 83.0, 81.0, 80.0, 80.0, 79.0, 77.0, 77.0, 77.0, 77.0, 77.0, 77.0, 76.0, 76.0, 76.0, 75.0, 75.0, 75.0, 75.0, 75.0, 75.0, 75.0, 75.0, 75.0, 75.0, 75.0, 75.0, 75.0, 75.0, 75.0, 74.0, 74.0, 73.0, 73.0, 72.0, 72.0, 72.0, 71.0, 70.0, 70.0, 70.0, 70.0, 70.0, 70.0, 70.0, 70.0, 70.0, 70.0, 70.0, 70.0, 69.0, 69.0, 69.0, 69.0, 68.0, 67.0, 67.0, 67.0, 67.0, 66.0, 65.0, 64.0, 64.0, 63.0, 63.0, 63.0, 62.0, 62.0, 62.0, 62.0, 62.0, 62.0, 62.0, 62.0, 62.0, 62.0, 62.0, 62.0, 62.0, 62.0, 62.0, 62.0, 62.0, 62.0, 62.0, 62.0, 62.0, 62.0, 62.0, 62.0, 62.0, 62.0, 62.0, 62.0, 62.0, 62.0, 62.0, 62.0, 62.0, 62.0, 62.0, 61.0, 61.0, 61.0, 61.0, 61.0, 61.0, 61.0, 60.0, 60.0, 60.0, 60.0, 60.0, 60.0, 60.0, 60.0, 60.0, 58.0, 58.0, 58.0, 58.0, 58.0, 58.0, 58.0, 58.0, 58.0, 58.0, 58.0, 57.0, 57.0, 57.0, 57.0, 57.0, 57.0, 57.0, 57.0, 57.0, 57.0, 57.0, 57.0, 57.0, 57.0, 57.0, 57.0, 57.0, 57.0, 57.0, 57.0, 57.0, 56.0, 56.0, 56.0, 56.0, 56.0, 56.0, 56.0, 56.0, 56.0, 56.0, 56.0, 56.0, 56.0, 56.0, 56.0, 56.0, 56.0, 56.0, 56.0, 56.0, 56.0, 56.0, 56.0, 56.0, 56.0, 56.0, 56.0, 56.0, 56.0, 56.0, 56.0, 56.0, 56.0, 56.0, 56.0, 56.0, 56.0, 56.0, 56.0, 55.0, 55.0, 55.0, 55.0, 55.0, 55.0, 55.0, 55.0, 55.0, 55.0, 55.0, 54.0, 54.0, 54.0, 54.0, 53.0, 53.0, 53.0, 53.0, 53.0, 53.0, 53.0, 53.0, 53.0, 53.0, 53.0, 53.0, 53.0, 53.0, 53.0, 52.0, 52.0, 52.0, 52.0, 52.0, 52.0, 52.0, 52.0, 52.0, 52.0, 52.0, 52.0, 52.0, 52.0, 52.0, 52.0, 52.0, 52.0, 52.0, 52.0, 52.0, 52.0, 52.0, 52.0, 52.0, 52.0, 52.0, 52.0, 52.0, 52.0, 52.0, 52.0, 52.0, 52.0, 51.0, 51.0, 51.0, 51.0, 51.0, 51.0, 51.0, 51.0, 51.0, 51.0, 50.0, 50.0, 50.0, 50.0, 50.0, 50.0, 50.0, 50.0, 50.0, 49.0, 49.0, 49.0, 49.0, 49.0, 49.0, 49.0, 49.0, 49.0, 49.0, 49.0, 48.0, 48.0, 48.0, 48.0, 48.0, 48.0, 48.0, 48.0, 48.0, 48.0, 48.0, 48.0, 48.0, 48.0, 48.0, 47.0, 47.0, 47.0, 47.0, 47.0, 47.0, 47.0, 47.0, 47.0, 47.0, 47.0, 47.0, 47.0, 47.0, 46.0, 45.0, 45.0, 45.0, 45.0, 45.0, 45.0, 45.0, 45.0, 45.0, 45.0, 45.0, 45.0, 45.0, 45.0, 44.0, 43.0, 43.0, 43.0, 43.0, 43.0, 43.0, 43.0, 43.0, 43.0, 43.0, 43.0, 43.0, 43.0, 43.0, 43.0, 43.0, 43.0, 43.0, 43.0, 43.0, 43.0, 43.0, 43.0, 43.0];
u9=[7320.0, 3229.0, 1351.0, 858.0, 564.0, 448.0, 393.0, 356.0, 332.0, 311.0, 295.0, 282.0, 270.0, 262.0, 254.0, 248.0, 245.0, 242.0, 232.0, 222.0, 219.0, 210.0, 205.0, 199.0, 194.0, 190.0, 185.0, 182.0, 182.0, 181.0, 177.0, 174.0, 174.0, 167.0, 163.0, 161.0, 159.0, 156.0, 155.0, 151.0, 148.0, 146.0, 145.0, 144.0, 143.0, 140.0, 140.0, 138.0, 135.0, 135.0, 135.0, 135.0, 133.0, 132.0, 132.0, 132.0, 132.0, 131.0, 130.0, 129.0, 127.0, 126.0, 126.0, 126.0, 126.0, 126.0, 125.0, 125.0, 124.0, 123.0, 122.0, 122.0, 120.0, 120.0, 119.0, 119.0, 119.0, 117.0, 117.0, 117.0, 117.0, 116.0, 116.0, 115.0, 115.0, 113.0, 113.0, 113.0, 109.0, 107.0, 106.0, 106.0, 106.0, 106.0, 106.0, 105.0, 105.0, 105.0, 105.0, 104.0, 104.0, 103.0, 102.0, 102.0, 101.0, 101.0, 101.0, 99.0, 99.0, 99.0, 96.0, 96.0, 95.0, 95.0, 95.0, 95.0, 95.0, 95.0, 95.0, 95.0, 94.0, 94.0, 94.0, 94.0, 94.0, 94.0, 94.0, 93.0, 93.0, 92.0, 92.0, 92.0, 92.0, 92.0, 92.0, 92.0, 92.0, 92.0, 92.0, 92.0, 92.0, 92.0, 92.0, 92.0, 91.0, 91.0, 91.0, 91.0, 91.0, 89.0, 89.0, 89.0, 89.0, 89.0, 89.0, 89.0, 89.0, 89.0, 89.0, 89.0, 89.0, 88.0, 88.0, 88.0, 88.0, 87.0, 87.0, 86.0, 86.0, 86.0, 86.0, 86.0, 85.0, 85.0, 85.0, 85.0, 85.0, 85.0, 85.0, 85.0, 84.0, 84.0, 84.0, 83.0, 82.0, 82.0, 82.0, 82.0, 82.0, 82.0, 82.0, 82.0, 82.0, 82.0, 82.0, 82.0, 82.0, 82.0, 82.0, 82.0, 82.0, 82.0, 82.0, 82.0, 82.0, 82.0, 82.0, 82.0, 82.0, 82.0, 82.0, 81.0, 80.0, 80.0, 79.0, 78.0, 78.0, 76.0, 76.0, 76.0, 75.0, 75.0, 75.0, 75.0, 75.0, 75.0, 75.0, 74.0, 73.0, 73.0, 73.0, 73.0, 73.0, 73.0, 72.0, 72.0, 72.0, 72.0, 71.0, 71.0, 71.0, 71.0, 70.0, 70.0, 70.0, 70.0, 70.0, 70.0, 69.0, 69.0, 69.0, 69.0, 69.0, 69.0, 69.0, 69.0, 69.0, 69.0, 67.0, 67.0, 66.0, 66.0, 66.0, 66.0, 65.0, 65.0, 65.0, 65.0, 65.0, 65.0, 65.0, 65.0, 65.0, 65.0, 65.0, 65.0, 65.0, 65.0, 65.0, 65.0, 65.0, 65.0, 65.0, 65.0, 65.0, 65.0, 65.0, 65.0, 65.0, 65.0, 65.0, 65.0, 65.0, 65.0, 65.0, 65.0, 65.0, 64.0, 64.0, 64.0, 64.0, 64.0, 64.0, 63.0, 63.0, 63.0, 63.0, 62.0, 62.0, 62.0, 62.0, 61.0, 60.0, 60.0, 59.0, 59.0, 59.0, 59.0, 59.0, 59.0, 59.0, 59.0, 59.0, 59.0, 59.0, 59.0, 59.0, 59.0, 59.0, 59.0, 59.0, 58.0, 58.0, 58.0, 58.0, 58.0, 58.0, 58.0, 58.0, 58.0, 58.0, 58.0, 58.0, 58.0, 58.0, 58.0, 58.0, 58.0, 57.0, 57.0, 57.0, 57.0, 57.0, 57.0, 57.0, 57.0, 57.0, 57.0, 57.0, 57.0, 57.0, 57.0, 57.0, 57.0, 57.0, 57.0, 57.0, 57.0, 57.0, 57.0, 57.0, 57.0, 57.0, 57.0, 56.0, 56.0, 56.0, 56.0, 56.0, 56.0, 56.0, 56.0, 56.0, 56.0, 56.0, 56.0, 56.0, 56.0, 56.0, 56.0, 56.0, 56.0, 56.0, 56.0, 56.0, 56.0, 56.0, 56.0, 56.0, 56.0, 56.0, 56.0, 56.0, 56.0, 56.0, 56.0, 56.0, 56.0, 56.0, 56.0, 56.0, 56.0, 56.0, 56.0, 56.0, 56.0, 56.0, 56.0, 55.0, 55.0, 55.0, 55.0, 55.0, 55.0, 55.0, 55.0, 55.0, 55.0, 55.0, 55.0, 55.0, 55.0, 55.0, 55.0, 55.0, 55.0, 55.0, 55.0, 55.0, 55.0, 55.0, 55.0, 55.0, 55.0, 54.0, 54.0, 54.0, 54.0, 54.0, 54.0, 54.0, 54.0, 54.0, 53.0, 53.0, 53.0, 53.0, 53.0, 53.0, 53.0, 53.0, 53.0, 53.0, 53.0, 53.0, 53.0, 53.0, 53.0, 53.0, 53.0, 53.0, 53.0, 53.0, 53.0, 53.0, 53.0, 53.0, 53.0, 53.0, 53.0, 53.0, 53.0, 53.0, 53.0, 53.0, 53.0, 53.0, 53.0, 53.0, 53.0, 53.0, 53.0, 53.0, 53.0, 53.0, 53.0, 53.0, 52.0, 52.0];
u=[u0; u1; u2; u3; u4; u5; u6; u7; u8; u9; ];
vect=200*(1:length(u0));
taille = length(u0);
umean=zeros(taille,1);
uintervalleincertitude = zeros(taille,2);
for i = 1:taille;
			umean(i) = mean(u(:,i));
			nombredeVecteurs=length(u(:,1));
			uincertitude(i) = std(u(:,i))/sqrt(nombredeVecteurs);
			uintervalleincertitude(i,1) = umean(i) + uincertitude(i)*1.96;
			uintervalleincertitude(i,2) = umean(i) - uincertitude(i)*1.96;
			end;
plot(vect(taille/2:taille),uintervalleincertitude(taille/2:taille,:));
hold on;
