%Sortie Graphique : 
%Taille Echantillon : 10
%Echantillonnage : 100
%Température de départ : 7000.0
%Température de fin : 0.0


%---------------------------------------------------------------------
%Benchmark :data/le450_25a.col
clear all;
figure;
title('data/le450_25a.col,  k =[1, 100, 10000]'
xlabel('Nombre d iterations');
ylabel('Energie');
			%Constante k : 1.0



%Seed du coloriage : 1232680230
%Recuit SimulExponentiel
%Nombre d'itération : 5000

u0=[5163.0, 3537.0, 2307.0, 1469.0, 1119.0, 822.0, 567.0, 486.0, 410.0, 359.0, 357.0, 354.0, 343.0, 328.0, 328.0, 328.0, 321.0, 307.0, 305.0, 295.0, 275.0, 261.0, 244.0, 242.0, 233.0, 222.0, 199.0, 186.0, 173.0, 161.0, 150.0, 140.0, 128.0, 122.0, 115.0, 109.0, 99.0, 97.0, 87.0, 80.0, 75.0, 73.0, 70.0, 68.0, 65.0, 63.0, 61.0, 60.0, 58.0];
u1=[5261.0, 3423.0, 2428.0, 1512.0, 1190.0, 960.0, 731.0, 660.0, 539.0, 417.0, 364.0, 342.0, 342.0, 342.0, 332.0, 311.0, 302.0, 302.0, 302.0, 302.0, 302.0, 294.0, 264.0, 247.0, 225.0, 204.0, 184.0, 169.0, 157.0, 150.0, 139.0, 128.0, 121.0, 111.0, 104.0, 101.0, 98.0, 90.0, 84.0, 80.0, 75.0, 73.0, 73.0, 68.0, 65.0, 64.0, 63.0, 63.0, 61.0];
u2=[5456.0, 3624.0, 2470.0, 1702.0, 1138.0, 794.0, 641.0, 460.0, 425.0, 390.0, 358.0, 326.0, 320.0, 320.0, 304.0, 304.0, 293.0, 293.0, 293.0, 293.0, 293.0, 293.0, 277.0, 265.0, 244.0, 216.0, 192.0, 178.0, 162.0, 153.0, 148.0, 137.0, 126.0, 117.0, 108.0, 100.0, 98.0, 94.0, 89.0, 85.0, 80.0, 77.0, 73.0, 71.0, 68.0, 67.0, 65.0, 64.0, 63.0];
u3=[5370.0, 3755.0, 2477.0, 1809.0, 1467.0, 1037.0, 733.0, 582.0, 474.0, 402.0, 379.0, 355.0, 338.0, 338.0, 338.0, 315.0, 304.0, 288.0, 288.0, 288.0, 288.0, 288.0, 288.0, 279.0, 247.0, 214.0, 199.0, 185.0, 172.0, 165.0, 151.0, 142.0, 129.0, 118.0, 116.0, 112.0, 104.0, 99.0, 98.0, 94.0, 86.0, 83.0, 82.0, 78.0, 76.0, 75.0, 72.0, 70.0, 69.0];
u4=[5008.0, 2974.0, 1963.0, 1313.0, 929.0, 685.0, 552.0, 460.0, 429.0, 381.0, 379.0, 367.0, 350.0, 343.0, 332.0, 326.0, 324.0, 314.0, 314.0, 312.0, 293.0, 278.0, 278.0, 258.0, 245.0, 229.0, 217.0, 201.0, 182.0, 173.0, 158.0, 142.0, 136.0, 127.0, 113.0, 105.0, 100.0, 96.0, 89.0, 86.0, 80.0, 77.0, 72.0, 72.0, 70.0, 65.0, 61.0, 60.0, 59.0];
u5=[5510.0, 3439.0, 2336.0, 1541.0, 1083.0, 840.0, 598.0, 451.0, 379.0, 351.0, 351.0, 351.0, 351.0, 351.0, 340.0, 333.0, 320.0, 317.0, 317.0, 308.0, 308.0, 308.0, 300.0, 295.0, 275.0, 255.0, 234.0, 200.0, 176.0, 164.0, 153.0, 145.0, 131.0, 120.0, 113.0, 110.0, 106.0, 103.0, 98.0, 95.0, 91.0, 87.0, 86.0, 79.0, 77.0, 73.0, 72.0, 71.0, 68.0];
u6=[5337.0, 3537.0, 2204.0, 1586.0, 1066.0, 822.0, 687.0, 604.0, 511.0, 418.0, 368.0, 366.0, 340.0, 340.0, 331.0, 331.0, 314.0, 310.0, 310.0, 290.0, 288.0, 288.0, 278.0, 242.0, 229.0, 218.0, 196.0, 183.0, 162.0, 152.0, 141.0, 127.0, 117.0, 112.0, 110.0, 103.0, 99.0, 91.0, 89.0, 86.0, 82.0, 78.0, 77.0, 75.0, 73.0, 73.0, 71.0, 69.0, 69.0];
u7=[5263.0, 3620.0, 2487.0, 1711.0, 1069.0, 759.0, 593.0, 506.0, 420.0, 364.0, 336.0, 320.0, 307.0, 292.0, 292.0, 292.0, 292.0, 292.0, 292.0, 292.0, 292.0, 292.0, 270.0, 258.0, 236.0, 212.0, 199.0, 178.0, 163.0, 146.0, 137.0, 135.0, 127.0, 118.0, 113.0, 108.0, 100.0, 96.0, 90.0, 89.0, 85.0, 82.0, 78.0, 76.0, 75.0, 72.0, 72.0, 68.0, 67.0];
u8=[5388.0, 3309.0, 2115.0, 1461.0, 1039.0, 772.0, 574.0, 406.0, 369.0, 335.0, 332.0, 332.0, 330.0, 304.0, 302.0, 302.0, 302.0, 294.0, 281.0, 281.0, 271.0, 271.0, 269.0, 262.0, 255.0, 240.0, 213.0, 192.0, 183.0, 167.0, 159.0, 151.0, 139.0, 129.0, 123.0, 117.0, 114.0, 108.0, 99.0, 95.0, 92.0, 88.0, 84.0, 80.0, 76.0, 73.0, 70.0, 69.0, 69.0];
u9=[5418.0, 3521.0, 2374.0, 1769.0, 1195.0, 930.0, 754.0, 664.0, 496.0, 443.0, 389.0, 336.0, 330.0, 330.0, 323.0, 323.0, 312.0, 307.0, 307.0, 306.0, 306.0, 300.0, 285.0, 255.0, 223.0, 213.0, 196.0, 182.0, 172.0, 154.0, 150.0, 144.0, 134.0, 126.0, 114.0, 106.0, 101.0, 98.0, 94.0, 90.0, 88.0, 85.0, 83.0, 82.0, 81.0, 78.0, 77.0, 74.0, 72.0];
u=[u0; u1; u2; u3; u4; u5; u6; u7; u8; u9; ];
vect=100*(1:length(u0));
taille = length(u0);
umean=zeros(taille,1);
uintervalleincertitude = zeros(taille,2);
for i = 1:taille;
			umean(i) = mean(u(:,i));
			nombredeVecteurs=length(u(:,1));
			uincertitude(i) = std(u(:,i))/sqrt(nombredeVecteurs);
			uintervalleincertitude(i,1) = umean(i) + uincertitude(i)*1.96;
			uintervalleincertitude(i,2) = umean(i) - uincertitude(i)*1.96;
			end;
plot(vect(taille/2:taille),uintervalleincertitude(taille/2:taille,:));
hold on;


%Seed du coloriage : -1550430838
%Recuit SimulLinéaire
%Nombre d'itération : 4999

u0=[5359.0, 3469.0, 2464.0, 1926.0, 1402.0, 934.0, 637.0, 496.0, 431.0, 382.0, 358.0, 358.0, 358.0, 358.0, 337.0, 331.0, 331.0, 331.0, 331.0, 319.0, 319.0, 319.0, 319.0, 311.0, 296.0, 296.0, 296.0, 296.0, 296.0, 296.0, 296.0, 296.0, 296.0, 296.0, 296.0, 296.0, 296.0, 296.0, 296.0, 296.0, 296.0, 296.0, 296.0, 296.0, 296.0, 296.0, 296.0, 296.0, 296.0];
u1=[5227.0, 3358.0, 2275.0, 1567.0, 1104.0, 781.0, 635.0, 463.0, 429.0, 408.0, 361.0, 361.0, 345.0, 329.0, 300.0, 289.0, 289.0, 289.0, 289.0, 289.0, 289.0, 289.0, 289.0, 289.0, 289.0, 289.0, 289.0, 289.0, 289.0, 289.0, 289.0, 289.0, 289.0, 289.0, 289.0, 289.0, 289.0, 289.0, 289.0, 289.0, 289.0, 289.0, 287.0, 287.0, 285.0, 285.0, 285.0, 285.0, 285.0];
u2=[5393.0, 3475.0, 2258.0, 1434.0, 1013.0, 745.0, 590.0, 488.0, 387.0, 354.0, 326.0, 315.0, 314.0, 314.0, 312.0, 312.0, 309.0, 309.0, 309.0, 309.0, 309.0, 309.0, 309.0, 309.0, 309.0, 309.0, 309.0, 309.0, 309.0, 309.0, 309.0, 309.0, 307.0, 307.0, 307.0, 307.0, 307.0, 307.0, 307.0, 307.0, 307.0, 307.0, 307.0, 307.0, 307.0, 307.0, 307.0, 307.0, 307.0];
u3=[5460.0, 3516.0, 2470.0, 1555.0, 1162.0, 848.0, 674.0, 488.0, 397.0, 360.0, 360.0, 339.0, 339.0, 337.0, 333.0, 323.0, 322.0, 322.0, 322.0, 313.0, 313.0, 296.0, 296.0, 296.0, 296.0, 296.0, 296.0, 291.0, 291.0, 291.0, 291.0, 291.0, 291.0, 291.0, 291.0, 291.0, 291.0, 284.0, 284.0, 284.0, 284.0, 284.0, 284.0, 284.0, 284.0, 284.0, 284.0, 284.0, 284.0];
u4=[5180.0, 3526.0, 2106.0, 1483.0, 1050.0, 773.0, 650.0, 544.0, 495.0, 406.0, 372.0, 363.0, 341.0, 332.0, 316.0, 316.0, 316.0, 316.0, 316.0, 316.0, 316.0, 316.0, 316.0, 316.0, 308.0, 297.0, 297.0, 297.0, 297.0, 297.0, 297.0, 297.0, 297.0, 297.0, 297.0, 297.0, 297.0, 297.0, 297.0, 297.0, 297.0, 297.0, 297.0, 297.0, 297.0, 297.0, 297.0, 297.0, 297.0];
u5=[5459.0, 3497.0, 2511.0, 1788.0, 1230.0, 927.0, 770.0, 581.0, 469.0, 405.0, 386.0, 367.0, 347.0, 319.0, 309.0, 304.0, 299.0, 299.0, 299.0, 299.0, 299.0, 299.0, 299.0, 299.0, 299.0, 293.0, 293.0, 293.0, 293.0, 293.0, 293.0, 293.0, 293.0, 293.0, 293.0, 293.0, 293.0, 293.0, 293.0, 293.0, 293.0, 293.0, 293.0, 293.0, 293.0, 293.0, 293.0, 293.0, 293.0];
u6=[5225.0, 3472.0, 2370.0, 1519.0, 1067.0, 723.0, 539.0, 447.0, 423.0, 395.0, 358.0, 358.0, 326.0, 320.0, 320.0, 320.0, 320.0, 320.0, 320.0, 320.0, 305.0, 289.0, 289.0, 289.0, 289.0, 289.0, 289.0, 289.0, 289.0, 289.0, 289.0, 289.0, 289.0, 289.0, 289.0, 289.0, 289.0, 289.0, 289.0, 289.0, 276.0, 276.0, 276.0, 276.0, 276.0, 276.0, 276.0, 276.0, 276.0];
u7=[5045.0, 3378.0, 2455.0, 1667.0, 1060.0, 714.0, 555.0, 454.0, 408.0, 369.0, 339.0, 339.0, 339.0, 339.0, 339.0, 339.0, 339.0, 339.0, 319.0, 313.0, 309.0, 309.0, 309.0, 299.0, 299.0, 299.0, 299.0, 299.0, 299.0, 299.0, 299.0, 299.0, 299.0, 299.0, 299.0, 299.0, 299.0, 299.0, 299.0, 299.0, 297.0, 297.0, 297.0, 297.0, 297.0, 297.0, 297.0, 297.0, 297.0];
u8=[5154.0, 3282.0, 2345.0, 1669.0, 1272.0, 831.0, 677.0, 574.0, 515.0, 412.0, 374.0, 359.0, 359.0, 349.0, 333.0, 319.0, 317.0, 317.0, 317.0, 313.0, 313.0, 313.0, 313.0, 313.0, 313.0, 313.0, 313.0, 313.0, 313.0, 305.0, 305.0, 305.0, 305.0, 305.0, 305.0, 305.0, 305.0, 305.0, 305.0, 305.0, 305.0, 300.0, 300.0, 300.0, 300.0, 300.0, 300.0, 300.0, 300.0];
u9=[5419.0, 3372.0, 2293.0, 1637.0, 1143.0, 873.0, 630.0, 557.0, 494.0, 437.0, 399.0, 347.0, 347.0, 325.0, 325.0, 325.0, 325.0, 325.0, 325.0, 325.0, 325.0, 317.0, 317.0, 317.0, 317.0, 317.0, 317.0, 317.0, 317.0, 317.0, 317.0, 317.0, 317.0, 317.0, 317.0, 317.0, 317.0, 317.0, 317.0, 317.0, 312.0, 305.0, 305.0, 305.0, 305.0, 305.0, 305.0, 305.0, 299.0];
u=[u0; u1; u2; u3; u4; u5; u6; u7; u8; u9; ];
vect=100*(1:length(u0));
taille = length(u0);
umean=zeros(taille,1);
uintervalleincertitude = zeros(taille,2);
for i = 1:taille;
			umean(i) = mean(u(:,i));
			nombredeVecteurs=length(u(:,1));
			uincertitude(i) = std(u(:,i))/sqrt(nombredeVecteurs);
			uintervalleincertitude(i,1) = umean(i) + uincertitude(i)*1.96;
			uintervalleincertitude(i,2) = umean(i) - uincertitude(i)*1.96;
			end;
plot(vect(taille/2:taille),uintervalleincertitude(taille/2:taille,:));
hold on;
			%Constante k : 100.0



%Seed du coloriage : -1765244523
%Recuit SimulExponentiel
%Nombre d'itération : 5000

u0=[5378.0, 3810.0, 2368.0, 1655.0, 1257.0, 1103.0, 917.0, 660.0, 540.0, 445.0, 389.0, 389.0, 362.0, 340.0, 340.0, 340.0, 320.0, 306.0, 306.0, 306.0, 306.0, 306.0, 306.0, 306.0, 306.0, 306.0, 306.0, 306.0, 306.0, 306.0, 303.0, 303.0, 303.0, 303.0, 297.0, 264.0, 252.0, 237.0, 227.0, 204.0, 179.0, 162.0, 148.0, 139.0, 130.0, 125.0, 117.0, 112.0, 100.0];
u1=[5250.0, 3391.0, 2251.0, 1516.0, 994.0, 710.0, 534.0, 437.0, 414.0, 410.0, 373.0, 369.0, 350.0, 321.0, 311.0, 311.0, 307.0, 307.0, 307.0, 306.0, 294.0, 292.0, 292.0, 292.0, 292.0, 292.0, 292.0, 292.0, 292.0, 292.0, 292.0, 292.0, 292.0, 286.0, 274.0, 269.0, 269.0, 253.0, 237.0, 214.0, 205.0, 182.0, 166.0, 153.0, 143.0, 136.0, 126.0, 122.0, 114.0];
u2=[5410.0, 3460.0, 2440.0, 1597.0, 1028.0, 759.0, 650.0, 498.0, 424.0, 364.0, 324.0, 278.0, 270.0, 270.0, 270.0, 270.0, 270.0, 270.0, 270.0, 270.0, 270.0, 270.0, 270.0, 270.0, 270.0, 270.0, 270.0, 270.0, 270.0, 270.0, 270.0, 270.0, 270.0, 270.0, 270.0, 268.0, 263.0, 243.0, 223.0, 203.0, 188.0, 176.0, 157.0, 145.0, 138.0, 126.0, 120.0, 117.0, 110.0];
u3=[5548.0, 3348.0, 2354.0, 1534.0, 1107.0, 812.0, 660.0, 547.0, 435.0, 366.0, 346.0, 328.0, 309.0, 302.0, 302.0, 302.0, 302.0, 301.0, 301.0, 301.0, 301.0, 301.0, 301.0, 301.0, 301.0, 301.0, 301.0, 301.0, 301.0, 301.0, 301.0, 299.0, 297.0, 297.0, 297.0, 295.0, 261.0, 243.0, 224.0, 201.0, 177.0, 161.0, 150.0, 142.0, 128.0, 123.0, 117.0, 111.0, 105.0];
u4=[5044.0, 3418.0, 2117.0, 1633.0, 1112.0, 855.0, 654.0, 500.0, 422.0, 390.0, 350.0, 327.0, 323.0, 317.0, 296.0, 291.0, 291.0, 291.0, 291.0, 291.0, 290.0, 288.0, 288.0, 288.0, 288.0, 288.0, 288.0, 288.0, 288.0, 288.0, 288.0, 288.0, 288.0, 282.0, 282.0, 275.0, 259.0, 255.0, 223.0, 214.0, 205.0, 187.0, 177.0, 156.0, 142.0, 134.0, 128.0, 119.0, 111.0];
u5=[5331.0, 3292.0, 2300.0, 1472.0, 1177.0, 828.0, 656.0, 508.0, 445.0, 437.0, 382.0, 352.0, 339.0, 337.0, 318.0, 310.0, 310.0, 310.0, 310.0, 301.0, 301.0, 301.0, 301.0, 301.0, 301.0, 301.0, 301.0, 301.0, 301.0, 301.0, 301.0, 301.0, 301.0, 284.0, 270.0, 258.0, 258.0, 240.0, 215.0, 204.0, 180.0, 164.0, 148.0, 136.0, 126.0, 120.0, 113.0, 108.0, 101.0];
u6=[5528.0, 3504.0, 2443.0, 1739.0, 1174.0, 831.0, 572.0, 479.0, 454.0, 391.0, 360.0, 354.0, 349.0, 343.0, 343.0, 343.0, 340.0, 335.0, 314.0, 314.0, 293.0, 293.0, 293.0, 293.0, 293.0, 293.0, 293.0, 293.0, 293.0, 293.0, 293.0, 293.0, 291.0, 291.0, 291.0, 271.0, 268.0, 256.0, 229.0, 205.0, 192.0, 180.0, 171.0, 161.0, 145.0, 136.0, 127.0, 125.0, 113.0];
u7=[5542.0, 3633.0, 2521.0, 1747.0, 1231.0, 787.0, 607.0, 529.0, 465.0, 387.0, 387.0, 387.0, 362.0, 361.0, 342.0, 329.0, 329.0, 324.0, 308.0, 293.0, 293.0, 293.0, 293.0, 293.0, 293.0, 293.0, 293.0, 293.0, 293.0, 293.0, 286.0, 286.0, 285.0, 284.0, 275.0, 261.0, 244.0, 243.0, 227.0, 204.0, 182.0, 163.0, 156.0, 138.0, 122.0, 111.0, 103.0, 96.0, 91.0];
u8=[5398.0, 3333.0, 2042.0, 1470.0, 1074.0, 798.0, 615.0, 472.0, 388.0, 367.0, 337.0, 330.0, 330.0, 330.0, 324.0, 315.0, 309.0, 309.0, 309.0, 309.0, 309.0, 309.0, 309.0, 309.0, 305.0, 283.0, 283.0, 283.0, 283.0, 283.0, 283.0, 283.0, 283.0, 283.0, 274.0, 250.0, 238.0, 226.0, 207.0, 205.0, 191.0, 179.0, 162.0, 152.0, 137.0, 128.0, 121.0, 116.0, 111.0];
u9=[5408.0, 2916.0, 2112.0, 1410.0, 1016.0, 733.0, 557.0, 506.0, 453.0, 433.0, 388.0, 340.0, 317.0, 317.0, 317.0, 317.0, 317.0, 317.0, 317.0, 314.0, 314.0, 314.0, 314.0, 314.0, 314.0, 314.0, 314.0, 314.0, 314.0, 314.0, 314.0, 314.0, 304.0, 290.0, 245.0, 245.0, 245.0, 243.0, 219.0, 198.0, 185.0, 162.0, 154.0, 140.0, 132.0, 130.0, 116.0, 109.0, 103.0];
u=[u0; u1; u2; u3; u4; u5; u6; u7; u8; u9; ];
vect=100*(1:length(u0));
taille = length(u0);
umean=zeros(taille,1);
uintervalleincertitude = zeros(taille,2);
for i = 1:taille;
			umean(i) = mean(u(:,i));
			nombredeVecteurs=length(u(:,1));
			uincertitude(i) = std(u(:,i))/sqrt(nombredeVecteurs);
			uintervalleincertitude(i,1) = umean(i) + uincertitude(i)*1.96;
			uintervalleincertitude(i,2) = umean(i) - uincertitude(i)*1.96;
			end;
plot(vect(taille/2:taille),uintervalleincertitude(taille/2:taille,:));
hold on;


%Seed du coloriage : -75578310
%Recuit SimulLinéaire
%Nombre d'itération : 4999

u0=[5342.0, 3566.0, 2449.0, 1650.0, 1226.0, 952.0, 652.0, 536.0, 467.0, 431.0, 408.0, 391.0, 373.0, 342.0, 326.0, 326.0, 326.0, 326.0, 326.0, 326.0, 326.0, 326.0, 323.0, 312.0, 312.0, 312.0, 312.0, 312.0, 312.0, 312.0, 312.0, 312.0, 310.0, 304.0, 304.0, 304.0, 304.0, 304.0, 304.0, 304.0, 304.0, 304.0, 304.0, 304.0, 304.0, 304.0, 304.0, 304.0, 304.0];
u1=[5743.0, 3630.0, 2350.0, 1619.0, 1156.0, 909.0, 698.0, 569.0, 507.0, 446.0, 398.0, 384.0, 363.0, 351.0, 351.0, 348.0, 348.0, 348.0, 323.0, 318.0, 312.0, 312.0, 312.0, 312.0, 312.0, 312.0, 312.0, 312.0, 312.0, 312.0, 312.0, 312.0, 312.0, 312.0, 312.0, 312.0, 312.0, 312.0, 312.0, 312.0, 312.0, 305.0, 305.0, 301.0, 297.0, 297.0, 297.0, 297.0, 297.0];
u2=[5440.0, 3513.0, 2554.0, 1622.0, 1158.0, 819.0, 722.0, 533.0, 480.0, 445.0, 386.0, 342.0, 326.0, 315.0, 305.0, 305.0, 305.0, 305.0, 305.0, 305.0, 305.0, 305.0, 303.0, 303.0, 303.0, 303.0, 303.0, 303.0, 303.0, 303.0, 303.0, 303.0, 303.0, 303.0, 303.0, 303.0, 303.0, 303.0, 292.0, 287.0, 287.0, 287.0, 287.0, 287.0, 287.0, 287.0, 287.0, 287.0, 287.0];
u3=[5531.0, 3670.0, 2806.0, 1911.0, 1353.0, 1059.0, 756.0, 611.0, 480.0, 419.0, 372.0, 355.0, 354.0, 339.0, 339.0, 330.0, 313.0, 304.0, 304.0, 304.0, 304.0, 304.0, 304.0, 293.0, 293.0, 293.0, 293.0, 293.0, 293.0, 293.0, 293.0, 293.0, 293.0, 293.0, 293.0, 293.0, 293.0, 293.0, 293.0, 293.0, 293.0, 293.0, 293.0, 293.0, 293.0, 293.0, 293.0, 293.0, 293.0];
u4=[5260.0, 3540.0, 2289.0, 1746.0, 1179.0, 993.0, 728.0, 572.0, 518.0, 420.0, 362.0, 347.0, 334.0, 334.0, 334.0, 334.0, 333.0, 333.0, 322.0, 322.0, 322.0, 316.0, 316.0, 316.0, 316.0, 308.0, 308.0, 308.0, 307.0, 307.0, 307.0, 307.0, 307.0, 307.0, 307.0, 307.0, 307.0, 307.0, 307.0, 300.0, 300.0, 300.0, 300.0, 300.0, 300.0, 300.0, 300.0, 300.0, 300.0];
u5=[5308.0, 3848.0, 2455.0, 1648.0, 1125.0, 822.0, 632.0, 537.0, 488.0, 415.0, 373.0, 352.0, 338.0, 338.0, 338.0, 317.0, 317.0, 317.0, 317.0, 317.0, 317.0, 304.0, 304.0, 304.0, 304.0, 304.0, 304.0, 304.0, 304.0, 304.0, 304.0, 304.0, 296.0, 284.0, 284.0, 284.0, 284.0, 284.0, 284.0, 284.0, 284.0, 284.0, 284.0, 284.0, 284.0, 284.0, 284.0, 284.0, 284.0];
u6=[5416.0, 3529.0, 2337.0, 1816.0, 1219.0, 882.0, 692.0, 528.0, 459.0, 421.0, 325.0, 302.0, 295.0, 295.0, 295.0, 295.0, 295.0, 295.0, 295.0, 295.0, 295.0, 295.0, 295.0, 295.0, 295.0, 295.0, 295.0, 295.0, 295.0, 295.0, 295.0, 295.0, 295.0, 295.0, 295.0, 295.0, 295.0, 295.0, 295.0, 295.0, 295.0, 295.0, 295.0, 295.0, 295.0, 295.0, 295.0, 295.0, 295.0];
u7=[5584.0, 3661.0, 2332.0, 1666.0, 1123.0, 875.0, 643.0, 496.0, 428.0, 394.0, 371.0, 328.0, 327.0, 325.0, 311.0, 303.0, 303.0, 303.0, 303.0, 303.0, 303.0, 303.0, 294.0, 294.0, 294.0, 294.0, 294.0, 294.0, 294.0, 294.0, 294.0, 294.0, 294.0, 294.0, 294.0, 294.0, 294.0, 294.0, 294.0, 294.0, 294.0, 292.0, 292.0, 292.0, 292.0, 292.0, 292.0, 292.0, 292.0];
u8=[5357.0, 3434.0, 2326.0, 1580.0, 1085.0, 772.0, 582.0, 519.0, 435.0, 429.0, 392.0, 369.0, 349.0, 338.0, 337.0, 335.0, 335.0, 335.0, 335.0, 334.0, 320.0, 312.0, 310.0, 306.0, 306.0, 306.0, 306.0, 306.0, 306.0, 306.0, 306.0, 306.0, 306.0, 306.0, 306.0, 306.0, 306.0, 306.0, 306.0, 300.0, 300.0, 299.0, 299.0, 299.0, 293.0, 289.0, 289.0, 289.0, 289.0];
u9=[5452.0, 3601.0, 2561.0, 1818.0, 1230.0, 972.0, 743.0, 556.0, 548.0, 478.0, 439.0, 400.0, 364.0, 361.0, 339.0, 339.0, 338.0, 335.0, 335.0, 335.0, 315.0, 306.0, 306.0, 306.0, 306.0, 306.0, 306.0, 302.0, 297.0, 297.0, 297.0, 297.0, 297.0, 297.0, 297.0, 297.0, 297.0, 297.0, 297.0, 297.0, 297.0, 297.0, 297.0, 297.0, 297.0, 297.0, 297.0, 297.0, 297.0];
u=[u0; u1; u2; u3; u4; u5; u6; u7; u8; u9; ];
vect=100*(1:length(u0));
taille = length(u0);
umean=zeros(taille,1);
uintervalleincertitude = zeros(taille,2);
for i = 1:taille;
			umean(i) = mean(u(:,i));
			nombredeVecteurs=length(u(:,1));
			uincertitude(i) = std(u(:,i))/sqrt(nombredeVecteurs);
			uintervalleincertitude(i,1) = umean(i) + uincertitude(i)*1.96;
			uintervalleincertitude(i,2) = umean(i) - uincertitude(i)*1.96;
			end;
plot(vect(taille/2:taille),uintervalleincertitude(taille/2:taille,:));
hold on;
			%Constante k : 10000.0



%Seed du coloriage : 893703740
%Recuit SimulExponentiel
%Nombre d'itération : 5000

u0=[5089.0, 3258.0, 2103.0, 1549.0, 1140.0, 757.0, 671.0, 556.0, 467.0, 400.0, 380.0, 366.0, 363.0, 363.0, 358.0, 340.0, 323.0, 323.0, 323.0, 323.0, 323.0, 323.0, 323.0, 319.0, 319.0, 319.0, 319.0, 319.0, 319.0, 319.0, 319.0, 308.0, 308.0, 308.0, 298.0, 298.0, 298.0, 298.0, 298.0, 298.0, 298.0, 298.0, 286.0, 286.0, 278.0, 278.0, 278.0, 278.0, 278.0];
u1=[5438.0, 3604.0, 2536.0, 1868.0, 1314.0, 943.0, 731.0, 597.0, 510.0, 444.0, 385.0, 366.0, 357.0, 357.0, 353.0, 331.0, 317.0, 308.0, 290.0, 290.0, 290.0, 290.0, 290.0, 290.0, 290.0, 290.0, 290.0, 290.0, 285.0, 285.0, 285.0, 285.0, 285.0, 285.0, 285.0, 285.0, 282.0, 282.0, 282.0, 282.0, 282.0, 282.0, 282.0, 282.0, 282.0, 282.0, 282.0, 267.0, 263.0];
u2=[5172.0, 3317.0, 2260.0, 1591.0, 1138.0, 771.0, 576.0, 498.0, 432.0, 369.0, 339.0, 320.0, 320.0, 317.0, 307.0, 307.0, 307.0, 307.0, 307.0, 307.0, 307.0, 307.0, 307.0, 307.0, 307.0, 299.0, 299.0, 299.0, 299.0, 291.0, 291.0, 291.0, 291.0, 291.0, 291.0, 291.0, 291.0, 291.0, 291.0, 291.0, 291.0, 291.0, 291.0, 291.0, 291.0, 291.0, 289.0, 281.0, 278.0];
u3=[5657.0, 3538.0, 2302.0, 1588.0, 1172.0, 868.0, 683.0, 487.0, 436.0, 407.0, 382.0, 378.0, 349.0, 337.0, 328.0, 311.0, 308.0, 308.0, 308.0, 308.0, 308.0, 308.0, 308.0, 308.0, 308.0, 308.0, 308.0, 308.0, 308.0, 308.0, 308.0, 308.0, 308.0, 308.0, 308.0, 308.0, 290.0, 290.0, 290.0, 290.0, 290.0, 290.0, 290.0, 290.0, 290.0, 290.0, 278.0, 269.0, 269.0];
u4=[5451.0, 3641.0, 2363.0, 1585.0, 1216.0, 913.0, 723.0, 628.0, 499.0, 449.0, 369.0, 347.0, 347.0, 347.0, 332.0, 332.0, 332.0, 331.0, 331.0, 331.0, 331.0, 325.0, 319.0, 319.0, 319.0, 298.0, 288.0, 288.0, 288.0, 288.0, 288.0, 288.0, 288.0, 288.0, 288.0, 288.0, 288.0, 288.0, 288.0, 288.0, 288.0, 288.0, 288.0, 288.0, 286.0, 285.0, 275.0, 275.0, 246.0];
u5=[5506.0, 3527.0, 2347.0, 1456.0, 995.0, 737.0, 600.0, 522.0, 467.0, 407.0, 376.0, 361.0, 332.0, 309.0, 309.0, 309.0, 309.0, 309.0, 309.0, 309.0, 309.0, 309.0, 309.0, 309.0, 309.0, 309.0, 309.0, 309.0, 309.0, 309.0, 309.0, 309.0, 295.0, 295.0, 295.0, 295.0, 295.0, 295.0, 295.0, 295.0, 295.0, 295.0, 295.0, 295.0, 295.0, 295.0, 277.0, 261.0, 249.0];
u6=[5566.0, 3503.0, 2373.0, 1573.0, 1133.0, 940.0, 719.0, 554.0, 453.0, 434.0, 382.0, 344.0, 339.0, 310.0, 310.0, 310.0, 310.0, 310.0, 310.0, 310.0, 310.0, 291.0, 289.0, 289.0, 289.0, 289.0, 289.0, 289.0, 289.0, 289.0, 289.0, 289.0, 289.0, 289.0, 289.0, 289.0, 289.0, 289.0, 289.0, 289.0, 289.0, 288.0, 283.0, 283.0, 283.0, 283.0, 283.0, 268.0, 258.0];
u7=[5455.0, 3382.0, 2389.0, 1644.0, 1250.0, 1046.0, 738.0, 549.0, 430.0, 400.0, 351.0, 328.0, 317.0, 309.0, 309.0, 309.0, 309.0, 309.0, 309.0, 309.0, 309.0, 309.0, 309.0, 309.0, 309.0, 309.0, 309.0, 309.0, 309.0, 309.0, 301.0, 301.0, 301.0, 301.0, 301.0, 301.0, 301.0, 301.0, 301.0, 301.0, 286.0, 286.0, 286.0, 286.0, 286.0, 284.0, 282.0, 274.0, 264.0];
u8=[5369.0, 3855.0, 2338.0, 1646.0, 1058.0, 866.0, 667.0, 535.0, 486.0, 467.0, 438.0, 375.0, 345.0, 331.0, 325.0, 325.0, 325.0, 325.0, 302.0, 302.0, 302.0, 302.0, 302.0, 302.0, 302.0, 302.0, 302.0, 302.0, 302.0, 302.0, 302.0, 302.0, 302.0, 302.0, 302.0, 302.0, 302.0, 302.0, 302.0, 302.0, 302.0, 302.0, 302.0, 292.0, 292.0, 292.0, 292.0, 292.0, 284.0];
u9=[5128.0, 3446.0, 2306.0, 1635.0, 1214.0, 955.0, 698.0, 552.0, 487.0, 442.0, 435.0, 353.0, 347.0, 314.0, 314.0, 314.0, 312.0, 311.0, 299.0, 299.0, 299.0, 299.0, 299.0, 299.0, 299.0, 299.0, 299.0, 299.0, 299.0, 299.0, 299.0, 299.0, 299.0, 299.0, 299.0, 299.0, 299.0, 299.0, 299.0, 299.0, 299.0, 299.0, 299.0, 299.0, 299.0, 299.0, 299.0, 291.0, 257.0];
u=[u0; u1; u2; u3; u4; u5; u6; u7; u8; u9; ];
vect=100*(1:length(u0));
taille = length(u0);
umean=zeros(taille,1);
uintervalleincertitude = zeros(taille,2);
for i = 1:taille;
			umean(i) = mean(u(:,i));
			nombredeVecteurs=length(u(:,1));
			uincertitude(i) = std(u(:,i))/sqrt(nombredeVecteurs);
			uintervalleincertitude(i,1) = umean(i) + uincertitude(i)*1.96;
			uintervalleincertitude(i,2) = umean(i) - uincertitude(i)*1.96;
			end;
plot(vect(taille/2:taille),uintervalleincertitude(taille/2:taille,:));
hold on;


%Seed du coloriage : -140811984
%Recuit SimulLinéaire
%Nombre d'itération : 4999

u0=[5187.0, 3496.0, 2458.0, 1601.0, 1169.0, 866.0, 700.0, 642.0, 462.0, 389.0, 336.0, 320.0, 320.0, 320.0, 307.0, 307.0, 305.0, 305.0, 305.0, 305.0, 305.0, 305.0, 305.0, 305.0, 305.0, 305.0, 305.0, 305.0, 305.0, 305.0, 305.0, 305.0, 305.0, 305.0, 305.0, 305.0, 305.0, 305.0, 305.0, 305.0, 305.0, 305.0, 305.0, 305.0, 305.0, 305.0, 305.0, 305.0, 305.0];
u1=[5092.0, 3315.0, 2073.0, 1360.0, 964.0, 730.0, 554.0, 409.0, 357.0, 337.0, 329.0, 328.0, 328.0, 320.0, 310.0, 309.0, 309.0, 296.0, 296.0, 296.0, 296.0, 296.0, 296.0, 296.0, 296.0, 296.0, 296.0, 296.0, 296.0, 296.0, 296.0, 296.0, 296.0, 296.0, 296.0, 296.0, 296.0, 296.0, 296.0, 296.0, 296.0, 296.0, 296.0, 296.0, 296.0, 296.0, 296.0, 296.0, 296.0];
u2=[5358.0, 3329.0, 2425.0, 1674.0, 1111.0, 845.0, 630.0, 511.0, 435.0, 390.0, 387.0, 357.0, 335.0, 334.0, 334.0, 334.0, 334.0, 326.0, 324.0, 324.0, 324.0, 324.0, 324.0, 324.0, 324.0, 319.0, 317.0, 317.0, 317.0, 317.0, 317.0, 317.0, 317.0, 317.0, 314.0, 313.0, 313.0, 311.0, 310.0, 310.0, 310.0, 310.0, 310.0, 310.0, 310.0, 310.0, 310.0, 305.0, 305.0];
u3=[5343.0, 3538.0, 2458.0, 1796.0, 1188.0, 921.0, 754.0, 616.0, 525.0, 454.0, 420.0, 397.0, 386.0, 372.0, 372.0, 367.0, 346.0, 346.0, 343.0, 324.0, 324.0, 324.0, 318.0, 312.0, 312.0, 304.0, 300.0, 300.0, 292.0, 288.0, 288.0, 288.0, 288.0, 288.0, 288.0, 288.0, 288.0, 288.0, 288.0, 288.0, 288.0, 288.0, 288.0, 288.0, 288.0, 286.0, 286.0, 286.0, 282.0];
u4=[5416.0, 3583.0, 2379.0, 1595.0, 1058.0, 791.0, 695.0, 533.0, 505.0, 480.0, 405.0, 392.0, 392.0, 387.0, 355.0, 332.0, 326.0, 318.0, 318.0, 318.0, 318.0, 315.0, 315.0, 313.0, 313.0, 313.0, 313.0, 313.0, 313.0, 313.0, 313.0, 313.0, 313.0, 313.0, 313.0, 313.0, 312.0, 309.0, 308.0, 303.0, 303.0, 303.0, 303.0, 303.0, 303.0, 303.0, 303.0, 302.0, 302.0];
u5=[5355.0, 3632.0, 2436.0, 1562.0, 981.0, 812.0, 656.0, 555.0, 468.0, 430.0, 396.0, 341.0, 330.0, 311.0, 311.0, 309.0, 309.0, 309.0, 309.0, 309.0, 309.0, 309.0, 309.0, 301.0, 298.0, 298.0, 298.0, 298.0, 298.0, 298.0, 298.0, 298.0, 298.0, 298.0, 298.0, 298.0, 298.0, 298.0, 298.0, 298.0, 298.0, 298.0, 298.0, 291.0, 291.0, 291.0, 291.0, 291.0, 291.0];
u6=[5432.0, 3710.0, 2630.0, 1885.0, 1251.0, 826.0, 625.0, 490.0, 414.0, 394.0, 346.0, 328.0, 328.0, 311.0, 311.0, 311.0, 311.0, 311.0, 311.0, 311.0, 311.0, 311.0, 311.0, 311.0, 311.0, 311.0, 311.0, 311.0, 311.0, 311.0, 311.0, 301.0, 298.0, 298.0, 298.0, 298.0, 298.0, 298.0, 298.0, 298.0, 298.0, 290.0, 288.0, 288.0, 288.0, 288.0, 288.0, 288.0, 288.0];
u7=[5327.0, 3589.0, 2412.0, 1644.0, 1131.0, 758.0, 578.0, 511.0, 441.0, 410.0, 367.0, 343.0, 310.0, 290.0, 290.0, 289.0, 289.0, 289.0, 289.0, 289.0, 289.0, 289.0, 289.0, 289.0, 289.0, 289.0, 289.0, 289.0, 289.0, 289.0, 289.0, 289.0, 289.0, 289.0, 289.0, 289.0, 289.0, 289.0, 289.0, 289.0, 289.0, 289.0, 289.0, 289.0, 289.0, 289.0, 289.0, 289.0, 289.0];
u8=[4930.0, 3268.0, 2224.0, 1444.0, 1021.0, 743.0, 584.0, 528.0, 386.0, 372.0, 348.0, 334.0, 323.0, 318.0, 318.0, 315.0, 315.0, 315.0, 301.0, 300.0, 300.0, 300.0, 299.0, 299.0, 299.0, 299.0, 299.0, 299.0, 299.0, 299.0, 299.0, 299.0, 299.0, 299.0, 299.0, 299.0, 299.0, 299.0, 299.0, 299.0, 299.0, 299.0, 299.0, 299.0, 299.0, 298.0, 291.0, 291.0, 291.0];
u9=[5329.0, 3558.0, 2409.0, 1640.0, 1059.0, 738.0, 515.0, 426.0, 382.0, 364.0, 317.0, 317.0, 317.0, 317.0, 317.0, 308.0, 308.0, 308.0, 308.0, 308.0, 308.0, 308.0, 308.0, 308.0, 308.0, 308.0, 308.0, 308.0, 308.0, 308.0, 308.0, 308.0, 308.0, 308.0, 308.0, 308.0, 308.0, 308.0, 308.0, 308.0, 308.0, 308.0, 308.0, 308.0, 299.0, 299.0, 299.0, 299.0, 299.0];
u=[u0; u1; u2; u3; u4; u5; u6; u7; u8; u9; ];
vect=100*(1:length(u0));
taille = length(u0);
umean=zeros(taille,1);
uintervalleincertitude = zeros(taille,2);
for i = 1:taille;
			umean(i) = mean(u(:,i));
			nombredeVecteurs=length(u(:,1));
			uincertitude(i) = std(u(:,i))/sqrt(nombredeVecteurs);
			uintervalleincertitude(i,1) = umean(i) + uincertitude(i)*1.96;
			uintervalleincertitude(i,2) = umean(i) - uincertitude(i)*1.96;
			end;
plot(vect(taille/2:taille),uintervalleincertitude(taille/2:taille,:));
hold on;


%---------------------------------------------------------------------
%Benchmark :data/le450_25b.col
clear all;
figure;
title('data/le450_25b.col,  k =[1, 100, 10000]'
xlabel('Nombre d iterations');
ylabel('Energie');
			%Constante k : 1.0



%Seed du coloriage : -2104422110
%Recuit SimulExponentiel
%Nombre d'itération : 5000

u0=[5080.0, 3399.0, 2250.0, 1502.0, 1022.0, 758.0, 569.0, 478.0, 405.0, 382.0, 370.0, 334.0, 324.0, 324.0, 324.0, 324.0, 324.0, 324.0, 324.0, 317.0, 315.0, 271.0, 259.0, 240.0, 226.0, 199.0, 170.0, 154.0, 139.0, 127.0, 121.0, 113.0, 103.0, 98.0, 96.0, 88.0, 87.0, 82.0, 80.0, 78.0, 75.0, 73.0, 71.0, 70.0, 67.0, 67.0, 65.0, 63.0, 62.0];
u1=[5655.0, 3744.0, 2502.0, 1716.0, 1192.0, 837.0, 625.0, 481.0, 373.0, 350.0, 338.0, 338.0, 318.0, 315.0, 315.0, 315.0, 314.0, 314.0, 303.0, 276.0, 276.0, 270.0, 266.0, 259.0, 231.0, 212.0, 195.0, 174.0, 157.0, 141.0, 137.0, 126.0, 122.0, 113.0, 104.0, 99.0, 93.0, 91.0, 88.0, 82.0, 78.0, 77.0, 73.0, 68.0, 64.0, 63.0, 59.0, 58.0, 58.0];
u2=[5320.0, 3500.0, 2352.0, 1645.0, 1247.0, 920.0, 692.0, 531.0, 461.0, 376.0, 354.0, 334.0, 329.0, 329.0, 316.0, 316.0, 316.0, 294.0, 294.0, 294.0, 294.0, 294.0, 294.0, 258.0, 237.0, 218.0, 203.0, 195.0, 180.0, 161.0, 147.0, 130.0, 115.0, 111.0, 101.0, 100.0, 94.0, 86.0, 86.0, 82.0, 76.0, 71.0, 68.0, 68.0, 65.0, 63.0, 62.0, 60.0, 55.0];
u3=[5348.0, 3376.0, 2470.0, 1667.0, 1129.0, 777.0, 627.0, 472.0, 424.0, 391.0, 367.0, 338.0, 315.0, 314.0, 306.0, 300.0, 300.0, 300.0, 300.0, 300.0, 290.0, 284.0, 284.0, 271.0, 245.0, 221.0, 203.0, 169.0, 156.0, 141.0, 132.0, 121.0, 110.0, 104.0, 96.0, 90.0, 88.0, 84.0, 79.0, 74.0, 73.0, 70.0, 69.0, 65.0, 64.0, 64.0, 60.0, 58.0, 57.0];
u4=[5252.0, 3274.0, 2125.0, 1315.0, 912.0, 638.0, 531.0, 464.0, 426.0, 386.0, 369.0, 354.0, 342.0, 333.0, 321.0, 315.0, 300.0, 300.0, 300.0, 300.0, 298.0, 287.0, 274.0, 268.0, 268.0, 254.0, 233.0, 208.0, 189.0, 163.0, 151.0, 131.0, 119.0, 107.0, 103.0, 98.0, 94.0, 87.0, 86.0, 80.0, 76.0, 73.0, 71.0, 68.0, 67.0, 63.0, 63.0, 63.0, 61.0];
u5=[5253.0, 3404.0, 2315.0, 1515.0, 1194.0, 978.0, 777.0, 597.0, 482.0, 462.0, 428.0, 420.0, 411.0, 378.0, 357.0, 330.0, 329.0, 326.0, 312.0, 293.0, 291.0, 288.0, 267.0, 241.0, 231.0, 220.0, 201.0, 176.0, 163.0, 147.0, 133.0, 124.0, 116.0, 110.0, 103.0, 98.0, 94.0, 83.0, 81.0, 79.0, 76.0, 72.0, 70.0, 68.0, 68.0, 67.0, 66.0, 64.0, 62.0];
u6=[5368.0, 3605.0, 2220.0, 1575.0, 1165.0, 807.0, 625.0, 499.0, 484.0, 386.0, 374.0, 362.0, 343.0, 316.0, 309.0, 304.0, 300.0, 297.0, 297.0, 297.0, 297.0, 297.0, 297.0, 277.0, 264.0, 231.0, 206.0, 193.0, 184.0, 164.0, 153.0, 141.0, 133.0, 126.0, 117.0, 103.0, 97.0, 91.0, 90.0, 88.0, 84.0, 80.0, 78.0, 76.0, 70.0, 67.0, 65.0, 64.0, 62.0];
u7=[5412.0, 3479.0, 2223.0, 1604.0, 1168.0, 918.0, 670.0, 516.0, 446.0, 400.0, 354.0, 347.0, 347.0, 339.0, 327.0, 306.0, 286.0, 286.0, 286.0, 286.0, 283.0, 279.0, 263.0, 255.0, 248.0, 220.0, 206.0, 189.0, 171.0, 154.0, 134.0, 125.0, 119.0, 112.0, 103.0, 98.0, 94.0, 92.0, 87.0, 85.0, 77.0, 76.0, 75.0, 71.0, 69.0, 68.0, 65.0, 61.0, 60.0];
u8=[5272.0, 3323.0, 2201.0, 1519.0, 1128.0, 914.0, 631.0, 497.0, 414.0, 369.0, 353.0, 344.0, 328.0, 328.0, 319.0, 317.0, 312.0, 312.0, 312.0, 296.0, 296.0, 296.0, 270.0, 270.0, 252.0, 217.0, 188.0, 165.0, 152.0, 146.0, 130.0, 123.0, 116.0, 107.0, 97.0, 92.0, 90.0, 88.0, 83.0, 80.0, 76.0, 76.0, 71.0, 68.0, 67.0, 65.0, 64.0, 62.0, 58.0];
u9=[5383.0, 3665.0, 2305.0, 1643.0, 1177.0, 838.0, 678.0, 547.0, 469.0, 395.0, 361.0, 343.0, 330.0, 330.0, 319.0, 306.0, 306.0, 306.0, 303.0, 293.0, 282.0, 273.0, 261.0, 231.0, 224.0, 203.0, 187.0, 178.0, 165.0, 154.0, 142.0, 136.0, 127.0, 121.0, 116.0, 110.0, 106.0, 102.0, 96.0, 95.0, 91.0, 87.0, 82.0, 78.0, 75.0, 72.0, 72.0, 67.0, 64.0];
u=[u0; u1; u2; u3; u4; u5; u6; u7; u8; u9; ];
vect=100*(1:length(u0));
taille = length(u0);
umean=zeros(taille,1);
uintervalleincertitude = zeros(taille,2);
for i = 1:taille;
			umean(i) = mean(u(:,i));
			nombredeVecteurs=length(u(:,1));
			uincertitude(i) = std(u(:,i))/sqrt(nombredeVecteurs);
			uintervalleincertitude(i,1) = umean(i) + uincertitude(i)*1.96;
			uintervalleincertitude(i,2) = umean(i) - uincertitude(i)*1.96;
			end;
plot(vect(taille/2:taille),uintervalleincertitude(taille/2:taille,:));
hold on;


%Seed du coloriage : -1161472934
%Recuit SimulLinéaire
%Nombre d'itération : 4999

u0=[5051.0, 3316.0, 2246.0, 1596.0, 998.0, 750.0, 529.0, 433.0, 414.0, 414.0, 377.0, 370.0, 356.0, 343.0, 343.0, 343.0, 335.0, 310.0, 310.0, 310.0, 310.0, 310.0, 310.0, 310.0, 304.0, 304.0, 304.0, 304.0, 304.0, 304.0, 304.0, 304.0, 304.0, 304.0, 299.0, 299.0, 291.0, 291.0, 291.0, 291.0, 291.0, 291.0, 291.0, 291.0, 291.0, 291.0, 291.0, 291.0, 291.0];
u1=[5170.0, 3412.0, 2235.0, 1568.0, 1054.0, 892.0, 639.0, 515.0, 431.0, 370.0, 345.0, 339.0, 339.0, 339.0, 339.0, 337.0, 305.0, 292.0, 292.0, 292.0, 292.0, 292.0, 292.0, 292.0, 292.0, 292.0, 292.0, 292.0, 292.0, 292.0, 292.0, 291.0, 278.0, 273.0, 273.0, 273.0, 273.0, 273.0, 273.0, 273.0, 273.0, 273.0, 273.0, 273.0, 273.0, 273.0, 273.0, 273.0, 273.0];
u2=[5867.0, 3850.0, 2583.0, 1772.0, 1097.0, 837.0, 729.0, 503.0, 467.0, 373.0, 372.0, 338.0, 326.0, 310.0, 305.0, 305.0, 305.0, 305.0, 305.0, 305.0, 305.0, 305.0, 305.0, 305.0, 305.0, 304.0, 304.0, 304.0, 304.0, 304.0, 304.0, 304.0, 304.0, 304.0, 304.0, 304.0, 304.0, 304.0, 304.0, 304.0, 304.0, 304.0, 304.0, 304.0, 304.0, 304.0, 304.0, 304.0, 304.0];
u3=[5197.0, 3158.0, 1786.0, 1420.0, 966.0, 807.0, 632.0, 588.0, 509.0, 451.0, 393.0, 373.0, 369.0, 335.0, 326.0, 326.0, 318.0, 318.0, 308.0, 301.0, 301.0, 301.0, 289.0, 289.0, 289.0, 289.0, 289.0, 289.0, 289.0, 289.0, 289.0, 289.0, 289.0, 289.0, 289.0, 289.0, 289.0, 289.0, 289.0, 289.0, 289.0, 289.0, 289.0, 289.0, 289.0, 289.0, 289.0, 289.0, 289.0];
u4=[5235.0, 3229.0, 2100.0, 1504.0, 1053.0, 734.0, 599.0, 487.0, 445.0, 423.0, 364.0, 348.0, 336.0, 313.0, 289.0, 289.0, 289.0, 289.0, 289.0, 289.0, 289.0, 289.0, 289.0, 289.0, 289.0, 289.0, 289.0, 289.0, 289.0, 289.0, 289.0, 289.0, 289.0, 289.0, 289.0, 289.0, 289.0, 289.0, 289.0, 289.0, 289.0, 289.0, 289.0, 289.0, 289.0, 289.0, 289.0, 289.0, 289.0];
u5=[5276.0, 3470.0, 2313.0, 1572.0, 1208.0, 890.0, 694.0, 532.0, 448.0, 395.0, 347.0, 302.0, 295.0, 287.0, 287.0, 287.0, 287.0, 287.0, 287.0, 287.0, 287.0, 287.0, 287.0, 287.0, 287.0, 287.0, 287.0, 287.0, 287.0, 287.0, 287.0, 287.0, 287.0, 287.0, 287.0, 287.0, 287.0, 287.0, 287.0, 287.0, 287.0, 287.0, 287.0, 287.0, 287.0, 287.0, 287.0, 287.0, 287.0];
u6=[5245.0, 3391.0, 2182.0, 1585.0, 1080.0, 798.0, 602.0, 499.0, 441.0, 368.0, 350.0, 331.0, 331.0, 331.0, 322.0, 314.0, 314.0, 314.0, 314.0, 314.0, 314.0, 314.0, 314.0, 310.0, 310.0, 310.0, 310.0, 310.0, 310.0, 310.0, 299.0, 292.0, 288.0, 288.0, 288.0, 288.0, 288.0, 288.0, 288.0, 288.0, 288.0, 288.0, 288.0, 288.0, 288.0, 288.0, 288.0, 288.0, 288.0];
u7=[5257.0, 3077.0, 2103.0, 1476.0, 1073.0, 846.0, 680.0, 547.0, 432.0, 424.0, 420.0, 393.0, 378.0, 347.0, 346.0, 342.0, 336.0, 331.0, 331.0, 331.0, 331.0, 331.0, 327.0, 319.0, 319.0, 319.0, 296.0, 294.0, 294.0, 294.0, 294.0, 294.0, 294.0, 293.0, 293.0, 293.0, 293.0, 293.0, 293.0, 293.0, 293.0, 292.0, 292.0, 292.0, 292.0, 292.0, 292.0, 292.0, 292.0];
u8=[5683.0, 3850.0, 2550.0, 1591.0, 1001.0, 713.0, 591.0, 491.0, 415.0, 415.0, 387.0, 371.0, 357.0, 350.0, 350.0, 346.0, 346.0, 346.0, 330.0, 330.0, 328.0, 326.0, 322.0, 322.0, 322.0, 322.0, 322.0, 322.0, 312.0, 309.0, 309.0, 309.0, 309.0, 294.0, 294.0, 294.0, 294.0, 294.0, 294.0, 294.0, 294.0, 294.0, 294.0, 294.0, 294.0, 294.0, 294.0, 294.0, 294.0];
u9=[5417.0, 3485.0, 2304.0, 1614.0, 1086.0, 850.0, 671.0, 585.0, 503.0, 453.0, 422.0, 353.0, 343.0, 343.0, 343.0, 334.0, 317.0, 317.0, 317.0, 317.0, 297.0, 294.0, 294.0, 293.0, 282.0, 282.0, 282.0, 282.0, 281.0, 281.0, 281.0, 281.0, 281.0, 281.0, 281.0, 281.0, 281.0, 281.0, 281.0, 281.0, 281.0, 281.0, 281.0, 281.0, 281.0, 281.0, 281.0, 281.0, 281.0];
u=[u0; u1; u2; u3; u4; u5; u6; u7; u8; u9; ];
vect=100*(1:length(u0));
taille = length(u0);
umean=zeros(taille,1);
uintervalleincertitude = zeros(taille,2);
for i = 1:taille;
			umean(i) = mean(u(:,i));
			nombredeVecteurs=length(u(:,1));
			uincertitude(i) = std(u(:,i))/sqrt(nombredeVecteurs);
			uintervalleincertitude(i,1) = umean(i) + uincertitude(i)*1.96;
			uintervalleincertitude(i,2) = umean(i) - uincertitude(i)*1.96;
			end;
plot(vect(taille/2:taille),uintervalleincertitude(taille/2:taille,:));
hold on;
			%Constante k : 100.0



%Seed du coloriage : -1414371035
%Recuit SimulExponentiel
%Nombre d'itération : 5000

u0=[5076.0, 3394.0, 2298.0, 1555.0, 1060.0, 786.0, 530.0, 436.0, 421.0, 421.0, 399.0, 360.0, 317.0, 317.0, 317.0, 317.0, 317.0, 317.0, 317.0, 317.0, 317.0, 317.0, 308.0, 300.0, 300.0, 300.0, 300.0, 300.0, 300.0, 300.0, 300.0, 298.0, 281.0, 281.0, 265.0, 254.0, 242.0, 213.0, 207.0, 182.0, 168.0, 154.0, 144.0, 129.0, 119.0, 109.0, 100.0, 98.0, 92.0];
u1=[5247.0, 3576.0, 2400.0, 1649.0, 1179.0, 908.0, 649.0, 508.0, 412.0, 390.0, 390.0, 337.0, 314.0, 303.0, 279.0, 279.0, 279.0, 279.0, 279.0, 279.0, 279.0, 279.0, 279.0, 279.0, 279.0, 279.0, 279.0, 279.0, 279.0, 279.0, 279.0, 279.0, 271.0, 271.0, 268.0, 246.0, 236.0, 233.0, 212.0, 194.0, 170.0, 158.0, 142.0, 134.0, 123.0, 110.0, 108.0, 102.0, 96.0];
u2=[5514.0, 3844.0, 2614.0, 1715.0, 1161.0, 808.0, 541.0, 467.0, 442.0, 410.0, 373.0, 325.0, 322.0, 321.0, 321.0, 321.0, 317.0, 301.0, 301.0, 301.0, 301.0, 301.0, 301.0, 301.0, 301.0, 301.0, 301.0, 298.0, 298.0, 298.0, 298.0, 298.0, 298.0, 298.0, 291.0, 275.0, 264.0, 249.0, 242.0, 217.0, 192.0, 177.0, 159.0, 145.0, 134.0, 126.0, 116.0, 115.0, 110.0];
u3=[5200.0, 3411.0, 2422.0, 1574.0, 1170.0, 921.0, 753.0, 605.0, 522.0, 455.0, 404.0, 404.0, 367.0, 358.0, 358.0, 348.0, 338.0, 313.0, 307.0, 296.0, 296.0, 296.0, 296.0, 296.0, 296.0, 296.0, 296.0, 296.0, 296.0, 296.0, 296.0, 296.0, 296.0, 296.0, 292.0, 267.0, 233.0, 226.0, 217.0, 199.0, 185.0, 172.0, 159.0, 142.0, 131.0, 125.0, 116.0, 109.0, 105.0];
u4=[5459.0, 3622.0, 2396.0, 1575.0, 1222.0, 875.0, 749.0, 574.0, 419.0, 402.0, 344.0, 325.0, 317.0, 307.0, 307.0, 307.0, 307.0, 307.0, 307.0, 307.0, 307.0, 306.0, 306.0, 298.0, 295.0, 295.0, 295.0, 295.0, 295.0, 295.0, 295.0, 288.0, 285.0, 285.0, 284.0, 281.0, 274.0, 252.0, 237.0, 225.0, 198.0, 181.0, 170.0, 161.0, 149.0, 135.0, 126.0, 119.0, 113.0];
u5=[5091.0, 3432.0, 2203.0, 1587.0, 1152.0, 861.0, 663.0, 493.0, 464.0, 461.0, 413.0, 366.0, 334.0, 329.0, 319.0, 305.0, 299.0, 299.0, 299.0, 299.0, 299.0, 299.0, 299.0, 299.0, 299.0, 299.0, 299.0, 299.0, 299.0, 299.0, 299.0, 299.0, 281.0, 281.0, 280.0, 266.0, 238.0, 223.0, 211.0, 196.0, 174.0, 169.0, 157.0, 147.0, 141.0, 134.0, 126.0, 114.0, 104.0];
u6=[5350.0, 3685.0, 2465.0, 1752.0, 1214.0, 727.0, 583.0, 477.0, 414.0, 383.0, 338.0, 334.0, 333.0, 330.0, 316.0, 316.0, 316.0, 309.0, 309.0, 309.0, 309.0, 309.0, 309.0, 309.0, 309.0, 309.0, 309.0, 309.0, 309.0, 309.0, 309.0, 309.0, 309.0, 309.0, 295.0, 270.0, 261.0, 240.0, 220.0, 202.0, 184.0, 162.0, 149.0, 140.0, 130.0, 118.0, 106.0, 99.0, 91.0];
u7=[5362.0, 3518.0, 2398.0, 1656.0, 1095.0, 801.0, 591.0, 508.0, 455.0, 448.0, 371.0, 351.0, 345.0, 337.0, 337.0, 325.0, 305.0, 305.0, 305.0, 305.0, 305.0, 305.0, 305.0, 305.0, 305.0, 305.0, 305.0, 305.0, 305.0, 305.0, 295.0, 287.0, 286.0, 286.0, 286.0, 268.0, 251.0, 237.0, 214.0, 195.0, 173.0, 154.0, 136.0, 127.0, 123.0, 112.0, 107.0, 99.0, 92.0];
u8=[5200.0, 3466.0, 2332.0, 1722.0, 1318.0, 997.0, 782.0, 629.0, 542.0, 458.0, 405.0, 375.0, 341.0, 341.0, 322.0, 322.0, 322.0, 322.0, 322.0, 322.0, 321.0, 321.0, 297.0, 297.0, 297.0, 297.0, 297.0, 297.0, 297.0, 297.0, 297.0, 297.0, 282.0, 276.0, 257.0, 250.0, 233.0, 224.0, 203.0, 191.0, 177.0, 163.0, 149.0, 135.0, 124.0, 118.0, 112.0, 105.0, 97.0];
u9=[5203.0, 3556.0, 2392.0, 1560.0, 1128.0, 860.0, 668.0, 589.0, 485.0, 408.0, 372.0, 345.0, 335.0, 335.0, 328.0, 328.0, 322.0, 322.0, 322.0, 322.0, 322.0, 305.0, 305.0, 305.0, 305.0, 305.0, 305.0, 290.0, 290.0, 290.0, 290.0, 290.0, 290.0, 290.0, 290.0, 289.0, 261.0, 238.0, 219.0, 205.0, 186.0, 168.0, 151.0, 143.0, 132.0, 124.0, 112.0, 105.0, 99.0];
u=[u0; u1; u2; u3; u4; u5; u6; u7; u8; u9; ];
vect=100*(1:length(u0));
taille = length(u0);
umean=zeros(taille,1);
uintervalleincertitude = zeros(taille,2);
for i = 1:taille;
			umean(i) = mean(u(:,i));
			nombredeVecteurs=length(u(:,1));
			uincertitude(i) = std(u(:,i))/sqrt(nombredeVecteurs);
			uintervalleincertitude(i,1) = umean(i) + uincertitude(i)*1.96;
			uintervalleincertitude(i,2) = umean(i) - uincertitude(i)*1.96;
			end;
plot(vect(taille/2:taille),uintervalleincertitude(taille/2:taille,:));
hold on;


%Seed du coloriage : -2094118216
%Recuit SimulLinéaire
%Nombre d'itération : 4999

u0=[5637.0, 3614.0, 2174.0, 1555.0, 1029.0, 803.0, 700.0, 631.0, 515.0, 440.0, 417.0, 397.0, 375.0, 359.0, 350.0, 340.0, 330.0, 330.0, 329.0, 317.0, 317.0, 311.0, 301.0, 293.0, 290.0, 290.0, 290.0, 290.0, 290.0, 290.0, 290.0, 290.0, 290.0, 290.0, 290.0, 290.0, 290.0, 290.0, 290.0, 290.0, 290.0, 290.0, 290.0, 290.0, 290.0, 290.0, 290.0, 290.0, 290.0];
u1=[5116.0, 3534.0, 2328.0, 1586.0, 1109.0, 861.0, 676.0, 520.0, 483.0, 460.0, 383.0, 339.0, 315.0, 310.0, 310.0, 310.0, 310.0, 310.0, 310.0, 309.0, 309.0, 309.0, 309.0, 301.0, 301.0, 301.0, 301.0, 301.0, 301.0, 301.0, 301.0, 301.0, 301.0, 301.0, 301.0, 300.0, 300.0, 300.0, 294.0, 294.0, 294.0, 294.0, 294.0, 294.0, 294.0, 294.0, 294.0, 294.0, 294.0];
u2=[5325.0, 3553.0, 2463.0, 1500.0, 1000.0, 699.0, 567.0, 511.0, 470.0, 406.0, 390.0, 380.0, 364.0, 352.0, 343.0, 332.0, 332.0, 332.0, 309.0, 309.0, 309.0, 309.0, 309.0, 309.0, 309.0, 303.0, 294.0, 294.0, 275.0, 272.0, 272.0, 272.0, 272.0, 272.0, 272.0, 272.0, 272.0, 272.0, 272.0, 272.0, 272.0, 272.0, 272.0, 272.0, 272.0, 272.0, 272.0, 272.0, 272.0];
u3=[5138.0, 3146.0, 1928.0, 1401.0, 1080.0, 825.0, 600.0, 492.0, 455.0, 415.0, 355.0, 328.0, 322.0, 321.0, 320.0, 318.0, 315.0, 315.0, 306.0, 306.0, 306.0, 306.0, 306.0, 306.0, 306.0, 306.0, 306.0, 306.0, 306.0, 306.0, 306.0, 306.0, 306.0, 306.0, 306.0, 306.0, 306.0, 306.0, 306.0, 306.0, 295.0, 291.0, 291.0, 291.0, 291.0, 291.0, 291.0, 291.0, 291.0];
u4=[4922.0, 3392.0, 2383.0, 1669.0, 1102.0, 793.0, 665.0, 488.0, 447.0, 374.0, 346.0, 336.0, 335.0, 307.0, 298.0, 292.0, 292.0, 292.0, 292.0, 292.0, 292.0, 292.0, 292.0, 292.0, 292.0, 292.0, 292.0, 292.0, 292.0, 292.0, 292.0, 292.0, 292.0, 292.0, 292.0, 292.0, 292.0, 292.0, 292.0, 292.0, 292.0, 292.0, 292.0, 292.0, 292.0, 292.0, 292.0, 292.0, 292.0];
u5=[5328.0, 3380.0, 2334.0, 1486.0, 1090.0, 831.0, 688.0, 539.0, 482.0, 439.0, 394.0, 361.0, 330.0, 318.0, 318.0, 318.0, 318.0, 318.0, 318.0, 318.0, 318.0, 318.0, 318.0, 318.0, 318.0, 308.0, 308.0, 308.0, 308.0, 308.0, 308.0, 308.0, 308.0, 308.0, 308.0, 302.0, 302.0, 302.0, 302.0, 302.0, 302.0, 302.0, 302.0, 295.0, 295.0, 295.0, 295.0, 295.0, 295.0];
u6=[5444.0, 3460.0, 2351.0, 1578.0, 1079.0, 904.0, 737.0, 613.0, 478.0, 412.0, 364.0, 333.0, 330.0, 330.0, 324.0, 324.0, 321.0, 315.0, 304.0, 304.0, 304.0, 304.0, 304.0, 304.0, 304.0, 304.0, 304.0, 304.0, 304.0, 304.0, 304.0, 304.0, 304.0, 304.0, 304.0, 304.0, 304.0, 304.0, 304.0, 304.0, 304.0, 304.0, 303.0, 303.0, 303.0, 297.0, 297.0, 297.0, 297.0];
u7=[5204.0, 3458.0, 2110.0, 1547.0, 1166.0, 873.0, 635.0, 505.0, 430.0, 386.0, 362.0, 361.0, 361.0, 358.0, 331.0, 330.0, 330.0, 330.0, 330.0, 330.0, 328.0, 328.0, 319.0, 318.0, 318.0, 318.0, 318.0, 318.0, 318.0, 318.0, 318.0, 318.0, 318.0, 318.0, 317.0, 312.0, 309.0, 306.0, 306.0, 306.0, 304.0, 304.0, 304.0, 304.0, 304.0, 304.0, 304.0, 304.0, 304.0];
u8=[5288.0, 3766.0, 2411.0, 1645.0, 1288.0, 875.0, 692.0, 536.0, 466.0, 433.0, 422.0, 403.0, 368.0, 365.0, 344.0, 344.0, 344.0, 330.0, 320.0, 320.0, 305.0, 300.0, 300.0, 300.0, 300.0, 300.0, 300.0, 300.0, 300.0, 300.0, 300.0, 294.0, 294.0, 294.0, 294.0, 294.0, 294.0, 291.0, 288.0, 288.0, 288.0, 285.0, 285.0, 285.0, 285.0, 285.0, 285.0, 285.0, 285.0];
u9=[5417.0, 3506.0, 2468.0, 1738.0, 1198.0, 1005.0, 792.0, 506.0, 449.0, 392.0, 380.0, 370.0, 345.0, 335.0, 320.0, 306.0, 306.0, 306.0, 306.0, 306.0, 306.0, 306.0, 306.0, 306.0, 306.0, 306.0, 306.0, 306.0, 306.0, 306.0, 306.0, 304.0, 303.0, 303.0, 296.0, 296.0, 296.0, 296.0, 296.0, 296.0, 296.0, 296.0, 296.0, 296.0, 296.0, 296.0, 296.0, 296.0, 296.0];
u=[u0; u1; u2; u3; u4; u5; u6; u7; u8; u9; ];
vect=100*(1:length(u0));
taille = length(u0);
umean=zeros(taille,1);
uintervalleincertitude = zeros(taille,2);
for i = 1:taille;
			umean(i) = mean(u(:,i));
			nombredeVecteurs=length(u(:,1));
			uincertitude(i) = std(u(:,i))/sqrt(nombredeVecteurs);
			uintervalleincertitude(i,1) = umean(i) + uincertitude(i)*1.96;
			uintervalleincertitude(i,2) = umean(i) - uincertitude(i)*1.96;
			end;
plot(vect(taille/2:taille),uintervalleincertitude(taille/2:taille,:));
hold on;
			%Constante k : 10000.0



%Seed du coloriage : 1229560275
%Recuit SimulExponentiel
%Nombre d'itération : 5000

u0=[5513.0, 3389.0, 2238.0, 1430.0, 976.0, 600.0, 493.0, 448.0, 367.0, 318.0, 302.0, 302.0, 302.0, 302.0, 302.0, 302.0, 292.0, 286.0, 286.0, 286.0, 286.0, 286.0, 286.0, 286.0, 286.0, 286.0, 286.0, 286.0, 286.0, 286.0, 286.0, 286.0, 286.0, 286.0, 286.0, 286.0, 286.0, 286.0, 286.0, 286.0, 286.0, 286.0, 286.0, 286.0, 286.0, 286.0, 285.0, 280.0, 259.0];
u1=[5250.0, 3864.0, 2686.0, 1707.0, 1194.0, 843.0, 641.0, 571.0, 503.0, 431.0, 385.0, 351.0, 351.0, 339.0, 323.0, 317.0, 317.0, 317.0, 317.0, 317.0, 314.0, 291.0, 287.0, 284.0, 284.0, 284.0, 284.0, 284.0, 284.0, 281.0, 281.0, 281.0, 281.0, 281.0, 281.0, 281.0, 281.0, 281.0, 281.0, 281.0, 281.0, 281.0, 281.0, 281.0, 281.0, 267.0, 267.0, 267.0, 267.0];
u2=[5179.0, 3446.0, 2281.0, 1433.0, 1048.0, 740.0, 585.0, 456.0, 376.0, 357.0, 347.0, 329.0, 328.0, 328.0, 328.0, 328.0, 328.0, 322.0, 304.0, 304.0, 304.0, 304.0, 304.0, 304.0, 304.0, 304.0, 304.0, 304.0, 304.0, 304.0, 304.0, 304.0, 304.0, 304.0, 304.0, 304.0, 304.0, 304.0, 304.0, 304.0, 304.0, 297.0, 295.0, 295.0, 295.0, 291.0, 289.0, 273.0, 257.0];
u3=[5430.0, 3406.0, 2230.0, 1520.0, 1103.0, 864.0, 641.0, 592.0, 473.0, 425.0, 378.0, 369.0, 345.0, 322.0, 322.0, 322.0, 322.0, 322.0, 322.0, 322.0, 318.0, 308.0, 291.0, 291.0, 291.0, 291.0, 291.0, 291.0, 291.0, 291.0, 291.0, 291.0, 291.0, 291.0, 291.0, 291.0, 291.0, 291.0, 291.0, 291.0, 291.0, 291.0, 291.0, 291.0, 291.0, 291.0, 282.0, 281.0, 273.0];
u4=[4943.0, 3073.0, 2052.0, 1429.0, 949.0, 687.0, 537.0, 456.0, 395.0, 378.0, 348.0, 328.0, 323.0, 323.0, 314.0, 313.0, 298.0, 286.0, 286.0, 286.0, 286.0, 286.0, 286.0, 286.0, 286.0, 286.0, 286.0, 286.0, 286.0, 286.0, 286.0, 286.0, 286.0, 286.0, 286.0, 286.0, 286.0, 286.0, 286.0, 286.0, 286.0, 286.0, 286.0, 286.0, 286.0, 286.0, 280.0, 269.0, 257.0];
u5=[5732.0, 3854.0, 2687.0, 1727.0, 1273.0, 971.0, 753.0, 543.0, 464.0, 398.0, 378.0, 369.0, 357.0, 347.0, 339.0, 339.0, 339.0, 339.0, 318.0, 318.0, 318.0, 318.0, 318.0, 298.0, 297.0, 297.0, 295.0, 289.0, 279.0, 279.0, 279.0, 279.0, 279.0, 279.0, 279.0, 279.0, 279.0, 279.0, 279.0, 279.0, 279.0, 279.0, 279.0, 279.0, 279.0, 279.0, 279.0, 279.0, 268.0];
u6=[5322.0, 3540.0, 2453.0, 1827.0, 1315.0, 956.0, 733.0, 587.0, 468.0, 410.0, 410.0, 395.0, 360.0, 360.0, 352.0, 345.0, 345.0, 345.0, 345.0, 345.0, 345.0, 334.0, 311.0, 311.0, 311.0, 311.0, 311.0, 311.0, 311.0, 307.0, 307.0, 307.0, 304.0, 304.0, 304.0, 304.0, 304.0, 304.0, 297.0, 293.0, 293.0, 293.0, 293.0, 293.0, 293.0, 293.0, 289.0, 278.0, 264.0];
u7=[5452.0, 3568.0, 2245.0, 1482.0, 1064.0, 756.0, 586.0, 510.0, 423.0, 396.0, 361.0, 356.0, 336.0, 336.0, 336.0, 336.0, 336.0, 336.0, 329.0, 329.0, 329.0, 329.0, 329.0, 317.0, 317.0, 317.0, 304.0, 293.0, 293.0, 293.0, 293.0, 289.0, 289.0, 289.0, 289.0, 289.0, 289.0, 289.0, 287.0, 287.0, 287.0, 287.0, 287.0, 287.0, 287.0, 287.0, 287.0, 287.0, 280.0];
u8=[5276.0, 3477.0, 2264.0, 1406.0, 976.0, 691.0, 541.0, 451.0, 398.0, 345.0, 340.0, 315.0, 315.0, 315.0, 306.0, 296.0, 296.0, 296.0, 296.0, 296.0, 296.0, 296.0, 296.0, 296.0, 296.0, 296.0, 296.0, 296.0, 296.0, 296.0, 291.0, 290.0, 290.0, 290.0, 290.0, 290.0, 290.0, 290.0, 290.0, 290.0, 290.0, 290.0, 290.0, 290.0, 290.0, 290.0, 281.0, 269.0, 250.0];
u9=[5734.0, 3531.0, 2387.0, 1673.0, 1185.0, 868.0, 657.0, 500.0, 418.0, 358.0, 346.0, 342.0, 342.0, 342.0, 334.0, 328.0, 328.0, 328.0, 328.0, 328.0, 317.0, 316.0, 300.0, 300.0, 300.0, 300.0, 300.0, 300.0, 300.0, 300.0, 300.0, 300.0, 300.0, 300.0, 300.0, 297.0, 289.0, 289.0, 289.0, 289.0, 289.0, 289.0, 289.0, 289.0, 289.0, 289.0, 286.0, 286.0, 282.0];
u=[u0; u1; u2; u3; u4; u5; u6; u7; u8; u9; ];
vect=100*(1:length(u0));
taille = length(u0);
umean=zeros(taille,1);
uintervalleincertitude = zeros(taille,2);
for i = 1:taille;
			umean(i) = mean(u(:,i));
			nombredeVecteurs=length(u(:,1));
			uincertitude(i) = std(u(:,i))/sqrt(nombredeVecteurs);
			uintervalleincertitude(i,1) = umean(i) + uincertitude(i)*1.96;
			uintervalleincertitude(i,2) = umean(i) - uincertitude(i)*1.96;
			end;
plot(vect(taille/2:taille),uintervalleincertitude(taille/2:taille,:));
hold on;


%Seed du coloriage : 1488751491
%Recuit SimulLinéaire
%Nombre d'itération : 4999

u0=[5099.0, 3196.0, 2135.0, 1432.0, 992.0, 765.0, 652.0, 568.0, 495.0, 422.0, 401.0, 371.0, 347.0, 345.0, 345.0, 341.0, 332.0, 332.0, 332.0, 331.0, 321.0, 321.0, 308.0, 308.0, 308.0, 308.0, 308.0, 292.0, 292.0, 292.0, 292.0, 292.0, 292.0, 292.0, 292.0, 292.0, 292.0, 292.0, 292.0, 292.0, 292.0, 292.0, 292.0, 292.0, 292.0, 292.0, 292.0, 292.0, 292.0];
u1=[5275.0, 3217.0, 2142.0, 1438.0, 1117.0, 797.0, 576.0, 461.0, 415.0, 402.0, 351.0, 329.0, 299.0, 299.0, 299.0, 299.0, 299.0, 299.0, 299.0, 299.0, 299.0, 299.0, 299.0, 299.0, 299.0, 299.0, 296.0, 290.0, 290.0, 290.0, 290.0, 290.0, 290.0, 290.0, 290.0, 290.0, 290.0, 290.0, 290.0, 290.0, 290.0, 290.0, 290.0, 290.0, 290.0, 290.0, 290.0, 290.0, 290.0];
u2=[5168.0, 3510.0, 2319.0, 1475.0, 1010.0, 739.0, 610.0, 500.0, 463.0, 435.0, 409.0, 380.0, 359.0, 352.0, 330.0, 319.0, 315.0, 306.0, 288.0, 282.0, 282.0, 282.0, 282.0, 282.0, 282.0, 282.0, 282.0, 282.0, 282.0, 282.0, 282.0, 282.0, 282.0, 282.0, 282.0, 282.0, 282.0, 282.0, 282.0, 282.0, 282.0, 282.0, 282.0, 282.0, 282.0, 282.0, 282.0, 282.0, 282.0];
u3=[5314.0, 3371.0, 2246.0, 1443.0, 999.0, 737.0, 591.0, 510.0, 413.0, 365.0, 338.0, 323.0, 323.0, 320.0, 320.0, 320.0, 307.0, 307.0, 293.0, 287.0, 287.0, 287.0, 287.0, 287.0, 287.0, 287.0, 287.0, 287.0, 287.0, 287.0, 287.0, 287.0, 287.0, 287.0, 287.0, 287.0, 287.0, 287.0, 287.0, 287.0, 287.0, 287.0, 287.0, 287.0, 287.0, 287.0, 287.0, 287.0, 287.0];
u4=[5363.0, 3452.0, 2255.0, 1509.0, 1037.0, 754.0, 507.0, 480.0, 391.0, 369.0, 343.0, 343.0, 341.0, 318.0, 318.0, 307.0, 307.0, 307.0, 307.0, 307.0, 307.0, 307.0, 301.0, 292.0, 283.0, 283.0, 283.0, 283.0, 283.0, 283.0, 283.0, 283.0, 283.0, 283.0, 283.0, 283.0, 283.0, 283.0, 283.0, 283.0, 283.0, 283.0, 283.0, 277.0, 270.0, 270.0, 270.0, 270.0, 270.0];
u5=[5072.0, 3145.0, 2068.0, 1447.0, 1124.0, 824.0, 669.0, 527.0, 459.0, 411.0, 349.0, 335.0, 326.0, 320.0, 318.0, 315.0, 315.0, 315.0, 315.0, 311.0, 303.0, 303.0, 303.0, 303.0, 303.0, 303.0, 303.0, 303.0, 303.0, 303.0, 303.0, 303.0, 303.0, 303.0, 303.0, 303.0, 303.0, 303.0, 303.0, 303.0, 303.0, 303.0, 303.0, 292.0, 292.0, 292.0, 292.0, 292.0, 292.0];
u6=[5447.0, 3723.0, 2681.0, 1794.0, 1108.0, 849.0, 662.0, 506.0, 420.0, 385.0, 375.0, 374.0, 327.0, 324.0, 324.0, 324.0, 324.0, 320.0, 320.0, 320.0, 320.0, 320.0, 320.0, 320.0, 320.0, 317.0, 309.0, 302.0, 302.0, 300.0, 295.0, 295.0, 295.0, 295.0, 295.0, 295.0, 286.0, 286.0, 286.0, 286.0, 286.0, 286.0, 286.0, 286.0, 286.0, 286.0, 286.0, 286.0, 286.0];
u7=[5582.0, 3662.0, 2442.0, 1568.0, 1084.0, 772.0, 542.0, 440.0, 388.0, 346.0, 346.0, 346.0, 328.0, 317.0, 315.0, 315.0, 306.0, 287.0, 287.0, 287.0, 287.0, 287.0, 287.0, 287.0, 287.0, 287.0, 287.0, 287.0, 287.0, 287.0, 287.0, 287.0, 287.0, 287.0, 287.0, 287.0, 287.0, 287.0, 287.0, 287.0, 287.0, 287.0, 287.0, 287.0, 287.0, 287.0, 287.0, 287.0, 287.0];
u8=[5447.0, 3678.0, 2608.0, 1715.0, 1119.0, 852.0, 735.0, 560.0, 475.0, 412.0, 386.0, 370.0, 347.0, 347.0, 317.0, 310.0, 294.0, 294.0, 294.0, 294.0, 294.0, 294.0, 294.0, 294.0, 294.0, 294.0, 294.0, 294.0, 294.0, 294.0, 294.0, 294.0, 294.0, 294.0, 294.0, 294.0, 294.0, 294.0, 294.0, 294.0, 294.0, 294.0, 294.0, 294.0, 294.0, 294.0, 294.0, 294.0, 294.0];
u9=[5372.0, 3628.0, 2472.0, 1866.0, 1384.0, 936.0, 724.0, 584.0, 484.0, 449.0, 408.0, 371.0, 367.0, 325.0, 325.0, 325.0, 322.0, 312.0, 312.0, 312.0, 312.0, 312.0, 312.0, 312.0, 304.0, 300.0, 293.0, 293.0, 293.0, 293.0, 293.0, 293.0, 293.0, 293.0, 293.0, 293.0, 293.0, 293.0, 293.0, 293.0, 293.0, 293.0, 293.0, 293.0, 293.0, 293.0, 293.0, 293.0, 293.0];
u=[u0; u1; u2; u3; u4; u5; u6; u7; u8; u9; ];
vect=100*(1:length(u0));
taille = length(u0);
umean=zeros(taille,1);
uintervalleincertitude = zeros(taille,2);
for i = 1:taille;
			umean(i) = mean(u(:,i));
			nombredeVecteurs=length(u(:,1));
			uincertitude(i) = std(u(:,i))/sqrt(nombredeVecteurs);
			uintervalleincertitude(i,1) = umean(i) + uincertitude(i)*1.96;
			uintervalleincertitude(i,2) = umean(i) - uincertitude(i)*1.96;
			end;
plot(vect(taille/2:taille),uintervalleincertitude(taille/2:taille,:));
hold on;
