NombreIterationNecessairePourAtteindre0 et fréquence de réussite


%---------------------------------------------------------------------
taille du set : 100
seed : 250

paramètres vertex Coloring
	nom du graphe : data/le450_15d.col
	M : 27000
	G0 : 1.8
	maxSteps: 100000
	k : 1
	P : 10



VectNombreIterations =[134329606, 22121793, 455511427, 247926703, 20968424, 35129621, 22989110, 84127801, 89755193, 37244214, 36653802, 15720766, 57551247, 23278938, 79976719, 121670393, 39422255, 71412351, 115923509, 37176543, 23341672, 23334896, 352131165, 14762459, 173026994, 23834836, 109461721, 41294797, 19266447, 29835800, 36948964, 40155270, 131857005, 2147483647, 36689601, 46642396, 30321851, 665848691, 35609171, 54599602, 28382042, 145503455, 163213433, 305769881, 40693573, 117742244, 44849654, 38549316, 433306943, 27351292, 134532177, 14630574, 35127769, 33675748, 35857912, 65437806, 82850297, 246856184, 38902449, 20054554, 80365457, 392429089, 29148149, 33392609, 45908440, 59716084, 24018080, 43438781, 18021182, 32575449, 152726138, 29473810, 64427860, 19208939, 32787720, 69034566, 33564341, 14530518, 38558655, 12577145, 15461567, 2147483647, 112478088, 38918262, 42120843, 44912017, 58786674, 16212626, 28887386, 596860322, 592092424, 45754274, 20430988, 186170604, 28034032, 43425667, 33695313, 33468505, 44592798, 46890593, ];

temps = [164.0, 40.0, 602.0, 374.0, 52.0, 95.0, 58.0, 148.0, 158.0, 75.0, 89.0, 43.0, 150.0, 63.0, 129.0, 179.0, 89.0, 138.0, 186.0, 86.0, 58.0, 61.0, 451.0, 38.0, 256.0, 62.0, 199.0, 76.0, 50.0, 81.0, 90.0, 121.0, 389.0, 5839.0, 95.0, 119.0, 82.0, 861.0, 87.0, 119.0, 66.0, 231.0, 258.0, 406.0, 108.0, 204.0, 97.0, 94.0, 573.0, 68.0, 209.0, 38.0, 88.0, 76.0, 93.0, 134.0, 133.0, 370.0, 77.0, 53.0, 141.0, 501.0, 71.0, 82.0, 90.0, 127.0, 59.0, 96.0, 49.0, 85.0, 285.0, 71.0, 120.0, 48.0, 88.0, 126.0, 88.0, 39.0, 104.0, 34.0, 41.0, 4179.0, 182.0, 91.0, 79.0, 113.0, 118.0, 42.0, 71.0, 757.0, 878.0, 99.0, 52.0, 298.0, 71.0, 100.0, 89.0, 88.0, 90.0, 90.0]
frequence réussite = 0
