%Sortie Graphique : 
%Taille Echantillon : 10
%Echantillonnage : 100
%Température de départ : 7000.0
%Température de fin : 0.0


%---------------------------------------------------------------------
%Benchmark :data/le450_25a.col
clear all;
figure;
title('data/le450_25a.col,  k =[1, 100, 10000]'
xlabel('Nombre d iterations');
ylabel('Energie');
			%Constante k : 1.0



%Seed du coloriage : -341609889
%Recuit Simulé Exponentiel avec k l'energie moyenne
%Nombre d'itération : 5000

u0=[5408.0, 3378.0, 2232.0, 1532.0, 1044.0, 709.0, 565.0, 492.0, 431.0, 390.0, 386.0, 364.0, 362.0, 362.0, 362.0, 335.0, 310.0, 306.0, 302.0, 299.0, 299.0, 299.0, 299.0, 299.0, 299.0, 299.0, 299.0, 299.0, 299.0, 299.0, 299.0, 296.0, 296.0, 296.0, 296.0, 296.0, 292.0, 292.0, 292.0, 292.0, 292.0, 292.0, 292.0, 292.0, 292.0, 292.0, 292.0, 280.0, 274.0];
u1=[5498.0, 3556.0, 2622.0, 1672.0, 1218.0, 896.0, 687.0, 584.0, 499.0, 447.0, 406.0, 363.0, 326.0, 324.0, 320.0, 312.0, 312.0, 312.0, 312.0, 312.0, 312.0, 312.0, 312.0, 312.0, 312.0, 312.0, 312.0, 312.0, 312.0, 310.0, 309.0, 304.0, 304.0, 304.0, 304.0, 304.0, 304.0, 304.0, 304.0, 304.0, 282.0, 282.0, 282.0, 278.0, 278.0, 278.0, 277.0, 277.0, 277.0];
u2=[5317.0, 3277.0, 2054.0, 1442.0, 1142.0, 793.0, 600.0, 495.0, 472.0, 442.0, 381.0, 363.0, 333.0, 321.0, 309.0, 303.0, 303.0, 303.0, 286.0, 286.0, 281.0, 281.0, 281.0, 281.0, 281.0, 281.0, 281.0, 281.0, 281.0, 281.0, 281.0, 281.0, 281.0, 281.0, 281.0, 281.0, 281.0, 281.0, 281.0, 281.0, 281.0, 281.0, 281.0, 281.0, 281.0, 281.0, 281.0, 281.0, 281.0];
u3=[5721.0, 3911.0, 2386.0, 1681.0, 1360.0, 939.0, 713.0, 598.0, 469.0, 390.0, 386.0, 335.0, 291.0, 291.0, 291.0, 291.0, 291.0, 291.0, 291.0, 291.0, 291.0, 291.0, 291.0, 291.0, 291.0, 291.0, 291.0, 291.0, 291.0, 291.0, 291.0, 291.0, 291.0, 291.0, 291.0, 291.0, 291.0, 291.0, 291.0, 291.0, 291.0, 291.0, 291.0, 291.0, 291.0, 291.0, 291.0, 291.0, 291.0];
u4=[5682.0, 3769.0, 2487.0, 1633.0, 1148.0, 847.0, 627.0, 504.0, 448.0, 400.0, 378.0, 347.0, 312.0, 292.0, 282.0, 282.0, 282.0, 282.0, 282.0, 282.0, 282.0, 282.0, 282.0, 282.0, 282.0, 282.0, 282.0, 282.0, 282.0, 282.0, 282.0, 282.0, 282.0, 282.0, 282.0, 282.0, 282.0, 282.0, 282.0, 282.0, 282.0, 282.0, 282.0, 282.0, 282.0, 282.0, 282.0, 282.0, 281.0];
u5=[5486.0, 3420.0, 2219.0, 1499.0, 954.0, 691.0, 582.0, 534.0, 461.0, 409.0, 409.0, 397.0, 370.0, 353.0, 346.0, 332.0, 321.0, 313.0, 313.0, 313.0, 313.0, 312.0, 304.0, 285.0, 285.0, 285.0, 285.0, 285.0, 285.0, 285.0, 285.0, 285.0, 285.0, 285.0, 285.0, 285.0, 285.0, 285.0, 285.0, 285.0, 285.0, 285.0, 285.0, 285.0, 285.0, 285.0, 285.0, 285.0, 278.0];
u6=[5677.0, 3567.0, 2516.0, 1789.0, 1205.0, 971.0, 779.0, 650.0, 570.0, 484.0, 406.0, 386.0, 339.0, 339.0, 333.0, 333.0, 333.0, 320.0, 316.0, 304.0, 304.0, 304.0, 304.0, 304.0, 304.0, 304.0, 304.0, 304.0, 302.0, 293.0, 293.0, 293.0, 293.0, 293.0, 293.0, 293.0, 293.0, 293.0, 293.0, 293.0, 287.0, 287.0, 287.0, 287.0, 287.0, 287.0, 287.0, 287.0, 287.0];
u7=[5074.0, 3508.0, 2160.0, 1314.0, 1086.0, 783.0, 632.0, 507.0, 461.0, 421.0, 369.0, 345.0, 345.0, 322.0, 299.0, 299.0, 299.0, 299.0, 299.0, 299.0, 299.0, 299.0, 299.0, 299.0, 299.0, 299.0, 299.0, 299.0, 299.0, 299.0, 296.0, 296.0, 296.0, 296.0, 296.0, 296.0, 296.0, 296.0, 296.0, 296.0, 296.0, 296.0, 296.0, 296.0, 296.0, 288.0, 280.0, 255.0, 242.0];
u8=[5568.0, 3742.0, 2451.0, 1524.0, 1040.0, 693.0, 580.0, 560.0, 492.0, 394.0, 364.0, 341.0, 331.0, 323.0, 321.0, 319.0, 319.0, 319.0, 319.0, 319.0, 319.0, 319.0, 319.0, 319.0, 319.0, 319.0, 319.0, 313.0, 313.0, 303.0, 292.0, 276.0, 273.0, 273.0, 273.0, 273.0, 273.0, 273.0, 273.0, 273.0, 273.0, 273.0, 273.0, 273.0, 273.0, 273.0, 273.0, 273.0, 268.0];
u9=[5473.0, 3720.0, 2452.0, 1777.0, 1252.0, 903.0, 647.0, 529.0, 457.0, 423.0, 402.0, 366.0, 358.0, 358.0, 317.0, 307.0, 298.0, 298.0, 298.0, 298.0, 298.0, 298.0, 298.0, 298.0, 298.0, 298.0, 298.0, 298.0, 298.0, 298.0, 298.0, 296.0, 296.0, 283.0, 283.0, 283.0, 283.0, 283.0, 283.0, 283.0, 283.0, 283.0, 283.0, 283.0, 283.0, 283.0, 283.0, 275.0, 253.0];
u=[u0; u1; u2; u3; u4; u5; u6; u7; u8; u9; ];
vect=100*(1:length(u0));
taille = length(u0);
umean=zeros(taille,1);
uintervalleincertitude = zeros(taille,2);
for i = 1:taille;
			umean(i) = mean(u(:,i));
			nombredeVecteurs=length(u(:,1));
			uincertitude(i) = std(u(:,i))/sqrt(nombredeVecteurs);
			uintervalleincertitude(i,1) = umean(i) + uincertitude(i)*1.96;
			uintervalleincertitude(i,2) = umean(i) - uincertitude(i)*1.96;
			end;
plot(vect(taille/2:taille),uintervalleincertitude(taille/2:taille,:));
hold on;
			%Constante k : 100.0



%Seed du coloriage : -1068361679
%Recuit Simulé Exponentiel avec k l'energie moyenne
%Nombre d'itération : 5000

u0=[5322.0, 3460.0, 2398.0, 1741.0, 1182.0, 815.0, 714.0, 598.0, 467.0, 379.0, 356.0, 325.0, 316.0, 316.0, 316.0, 316.0, 316.0, 316.0, 316.0, 316.0, 300.0, 300.0, 300.0, 300.0, 300.0, 300.0, 300.0, 300.0, 300.0, 300.0, 300.0, 300.0, 300.0, 300.0, 300.0, 300.0, 300.0, 300.0, 300.0, 300.0, 300.0, 300.0, 300.0, 300.0, 300.0, 300.0, 300.0, 275.0, 265.0];
u1=[4976.0, 3110.0, 1868.0, 1281.0, 1020.0, 754.0, 526.0, 460.0, 368.0, 347.0, 319.0, 311.0, 311.0, 311.0, 311.0, 305.0, 282.0, 275.0, 275.0, 275.0, 275.0, 275.0, 275.0, 275.0, 275.0, 275.0, 275.0, 275.0, 275.0, 275.0, 275.0, 275.0, 275.0, 275.0, 275.0, 275.0, 275.0, 275.0, 275.0, 275.0, 275.0, 275.0, 275.0, 275.0, 275.0, 275.0, 275.0, 275.0, 275.0];
u2=[5527.0, 3595.0, 2354.0, 1646.0, 1106.0, 863.0, 649.0, 578.0, 447.0, 385.0, 362.0, 338.0, 316.0, 309.0, 304.0, 304.0, 304.0, 304.0, 304.0, 304.0, 304.0, 304.0, 304.0, 304.0, 304.0, 304.0, 304.0, 304.0, 304.0, 304.0, 304.0, 304.0, 304.0, 304.0, 304.0, 304.0, 304.0, 304.0, 304.0, 290.0, 290.0, 290.0, 290.0, 290.0, 290.0, 290.0, 290.0, 290.0, 286.0];
u3=[5493.0, 3470.0, 2262.0, 1716.0, 1329.0, 914.0, 636.0, 560.0, 425.0, 380.0, 356.0, 335.0, 325.0, 325.0, 325.0, 325.0, 302.0, 299.0, 299.0, 299.0, 299.0, 299.0, 299.0, 299.0, 299.0, 299.0, 299.0, 299.0, 299.0, 299.0, 299.0, 299.0, 299.0, 299.0, 299.0, 299.0, 299.0, 299.0, 299.0, 299.0, 299.0, 299.0, 299.0, 292.0, 292.0, 292.0, 276.0, 276.0, 270.0];
u4=[5642.0, 3604.0, 2464.0, 1563.0, 1202.0, 823.0, 639.0, 500.0, 441.0, 416.0, 397.0, 374.0, 354.0, 347.0, 342.0, 342.0, 341.0, 332.0, 332.0, 332.0, 324.0, 306.0, 306.0, 306.0, 306.0, 306.0, 306.0, 306.0, 306.0, 306.0, 306.0, 306.0, 306.0, 306.0, 306.0, 295.0, 295.0, 295.0, 295.0, 295.0, 295.0, 295.0, 295.0, 295.0, 295.0, 295.0, 295.0, 295.0, 295.0];
u5=[5007.0, 3208.0, 2367.0, 1754.0, 1237.0, 911.0, 729.0, 580.0, 485.0, 414.0, 390.0, 370.0, 351.0, 346.0, 334.0, 334.0, 327.0, 323.0, 312.0, 312.0, 312.0, 312.0, 312.0, 312.0, 312.0, 312.0, 306.0, 291.0, 291.0, 291.0, 291.0, 289.0, 289.0, 289.0, 289.0, 289.0, 289.0, 289.0, 289.0, 289.0, 289.0, 289.0, 289.0, 289.0, 285.0, 275.0, 274.0, 274.0, 270.0];
u6=[5266.0, 3636.0, 2439.0, 1593.0, 1124.0, 794.0, 649.0, 531.0, 461.0, 403.0, 363.0, 335.0, 313.0, 304.0, 300.0, 296.0, 284.0, 284.0, 284.0, 284.0, 284.0, 284.0, 284.0, 284.0, 284.0, 284.0, 284.0, 284.0, 284.0, 284.0, 284.0, 284.0, 284.0, 284.0, 284.0, 284.0, 284.0, 284.0, 284.0, 284.0, 284.0, 284.0, 284.0, 284.0, 284.0, 275.0, 268.0, 268.0, 262.0];
u7=[5173.0, 3295.0, 2049.0, 1536.0, 1053.0, 822.0, 660.0, 471.0, 411.0, 370.0, 320.0, 314.0, 314.0, 314.0, 314.0, 314.0, 293.0, 293.0, 293.0, 293.0, 293.0, 288.0, 288.0, 288.0, 288.0, 288.0, 288.0, 288.0, 288.0, 288.0, 288.0, 288.0, 288.0, 288.0, 288.0, 288.0, 288.0, 288.0, 288.0, 288.0, 288.0, 288.0, 288.0, 288.0, 288.0, 272.0, 272.0, 259.0, 259.0];
u8=[5281.0, 3655.0, 2473.0, 1498.0, 1081.0, 834.0, 615.0, 530.0, 426.0, 388.0, 355.0, 331.0, 324.0, 313.0, 299.0, 299.0, 299.0, 299.0, 299.0, 299.0, 297.0, 297.0, 297.0, 297.0, 297.0, 297.0, 297.0, 297.0, 297.0, 297.0, 297.0, 297.0, 297.0, 297.0, 297.0, 297.0, 297.0, 297.0, 297.0, 297.0, 297.0, 297.0, 297.0, 297.0, 295.0, 288.0, 288.0, 288.0, 288.0];
u9=[5672.0, 3794.0, 2353.0, 1515.0, 996.0, 830.0, 663.0, 473.0, 427.0, 390.0, 350.0, 330.0, 301.0, 299.0, 299.0, 299.0, 299.0, 299.0, 299.0, 299.0, 299.0, 299.0, 299.0, 299.0, 299.0, 299.0, 299.0, 299.0, 299.0, 299.0, 299.0, 299.0, 299.0, 299.0, 299.0, 299.0, 299.0, 299.0, 299.0, 299.0, 299.0, 299.0, 299.0, 299.0, 299.0, 299.0, 299.0, 290.0, 288.0];
u=[u0; u1; u2; u3; u4; u5; u6; u7; u8; u9; ];
vect=100*(1:length(u0));
taille = length(u0);
umean=zeros(taille,1);
uintervalleincertitude = zeros(taille,2);
for i = 1:taille;
			umean(i) = mean(u(:,i));
			nombredeVecteurs=length(u(:,1));
			uincertitude(i) = std(u(:,i))/sqrt(nombredeVecteurs);
			uintervalleincertitude(i,1) = umean(i) + uincertitude(i)*1.96;
			uintervalleincertitude(i,2) = umean(i) - uincertitude(i)*1.96;
			end;
plot(vect(taille/2:taille),uintervalleincertitude(taille/2:taille,:));
hold on;
			%Constante k : 10000.0



%Seed du coloriage : -1552540458
%Recuit Simulé Exponentiel avec k l'energie moyenne
%Nombre d'itération : 5000

u0=[5275.0, 3212.0, 2140.0, 1356.0, 963.0, 674.0, 567.0, 454.0, 392.0, 374.0, 362.0, 348.0, 348.0, 348.0, 340.0, 340.0, 340.0, 317.0, 317.0, 313.0, 313.0, 313.0, 313.0, 313.0, 313.0, 313.0, 313.0, 313.0, 313.0, 306.0, 306.0, 306.0, 306.0, 306.0, 306.0, 306.0, 306.0, 306.0, 300.0, 300.0, 300.0, 300.0, 300.0, 300.0, 299.0, 284.0, 277.0, 270.0, 257.0];
u1=[5286.0, 3471.0, 2413.0, 1801.0, 1243.0, 871.0, 676.0, 535.0, 444.0, 409.0, 370.0, 351.0, 323.0, 307.0, 292.0, 292.0, 292.0, 292.0, 292.0, 292.0, 292.0, 292.0, 292.0, 292.0, 292.0, 292.0, 292.0, 292.0, 292.0, 292.0, 292.0, 292.0, 291.0, 286.0, 286.0, 286.0, 286.0, 286.0, 286.0, 286.0, 286.0, 286.0, 286.0, 286.0, 286.0, 286.0, 273.0, 270.0, 263.0];
u2=[5501.0, 3438.0, 2159.0, 1438.0, 1038.0, 708.0, 636.0, 556.0, 451.0, 417.0, 384.0, 340.0, 333.0, 330.0, 330.0, 316.0, 316.0, 316.0, 316.0, 316.0, 316.0, 298.0, 285.0, 285.0, 285.0, 285.0, 285.0, 285.0, 285.0, 285.0, 285.0, 285.0, 285.0, 285.0, 285.0, 285.0, 285.0, 285.0, 285.0, 285.0, 285.0, 285.0, 285.0, 285.0, 285.0, 285.0, 283.0, 283.0, 272.0];
u3=[5420.0, 3452.0, 2453.0, 1822.0, 1235.0, 974.0, 701.0, 520.0, 428.0, 398.0, 362.0, 327.0, 323.0, 318.0, 318.0, 318.0, 318.0, 318.0, 318.0, 310.0, 310.0, 310.0, 310.0, 310.0, 310.0, 310.0, 307.0, 296.0, 294.0, 294.0, 294.0, 294.0, 294.0, 294.0, 294.0, 294.0, 294.0, 294.0, 294.0, 294.0, 294.0, 294.0, 294.0, 294.0, 294.0, 294.0, 294.0, 292.0, 267.0];
u4=[5306.0, 3341.0, 2274.0, 1547.0, 1191.0, 828.0, 610.0, 526.0, 468.0, 417.0, 370.0, 349.0, 331.0, 331.0, 324.0, 324.0, 324.0, 324.0, 324.0, 324.0, 324.0, 324.0, 324.0, 324.0, 324.0, 321.0, 312.0, 308.0, 307.0, 307.0, 307.0, 307.0, 302.0, 293.0, 293.0, 293.0, 293.0, 293.0, 293.0, 293.0, 293.0, 293.0, 293.0, 293.0, 285.0, 275.0, 275.0, 275.0, 265.0];
u5=[5272.0, 3558.0, 2586.0, 1683.0, 1117.0, 788.0, 656.0, 635.0, 541.0, 402.0, 361.0, 353.0, 353.0, 353.0, 338.0, 326.0, 321.0, 321.0, 321.0, 321.0, 314.0, 314.0, 314.0, 303.0, 302.0, 302.0, 302.0, 302.0, 302.0, 302.0, 302.0, 302.0, 302.0, 302.0, 302.0, 302.0, 302.0, 302.0, 302.0, 302.0, 302.0, 302.0, 302.0, 302.0, 295.0, 295.0, 295.0, 282.0, 282.0];
u6=[5194.0, 3499.0, 2302.0, 1628.0, 1190.0, 837.0, 587.0, 497.0, 422.0, 402.0, 372.0, 367.0, 362.0, 347.0, 342.0, 333.0, 333.0, 333.0, 325.0, 325.0, 325.0, 325.0, 325.0, 325.0, 324.0, 324.0, 324.0, 319.0, 319.0, 313.0, 313.0, 313.0, 313.0, 313.0, 313.0, 306.0, 306.0, 306.0, 306.0, 306.0, 306.0, 306.0, 306.0, 302.0, 284.0, 273.0, 265.0, 255.0, 236.0];
u7=[5320.0, 3473.0, 2271.0, 1603.0, 1092.0, 783.0, 555.0, 452.0, 407.0, 368.0, 335.0, 307.0, 307.0, 307.0, 307.0, 307.0, 307.0, 307.0, 307.0, 307.0, 307.0, 307.0, 307.0, 307.0, 307.0, 307.0, 307.0, 307.0, 307.0, 307.0, 307.0, 307.0, 307.0, 307.0, 307.0, 307.0, 307.0, 307.0, 307.0, 307.0, 307.0, 287.0, 287.0, 287.0, 287.0, 276.0, 268.0, 268.0, 268.0];
u8=[5259.0, 3557.0, 2275.0, 1566.0, 1133.0, 691.0, 556.0, 424.0, 385.0, 359.0, 341.0, 317.0, 317.0, 317.0, 315.0, 298.0, 298.0, 298.0, 298.0, 298.0, 298.0, 298.0, 298.0, 294.0, 294.0, 294.0, 294.0, 294.0, 294.0, 294.0, 294.0, 294.0, 294.0, 294.0, 294.0, 294.0, 294.0, 294.0, 294.0, 294.0, 294.0, 294.0, 294.0, 294.0, 294.0, 294.0, 294.0, 294.0, 291.0];
u9=[5468.0, 3564.0, 2276.0, 1508.0, 1079.0, 738.0, 644.0, 536.0, 452.0, 396.0, 376.0, 346.0, 335.0, 321.0, 316.0, 300.0, 299.0, 299.0, 299.0, 299.0, 299.0, 299.0, 299.0, 299.0, 299.0, 297.0, 297.0, 297.0, 297.0, 297.0, 297.0, 297.0, 297.0, 297.0, 297.0, 297.0, 297.0, 297.0, 292.0, 292.0, 292.0, 292.0, 288.0, 288.0, 288.0, 288.0, 276.0, 264.0, 264.0];
u=[u0; u1; u2; u3; u4; u5; u6; u7; u8; u9; ];
vect=100*(1:length(u0));
taille = length(u0);
umean=zeros(taille,1);
uintervalleincertitude = zeros(taille,2);
for i = 1:taille;
			umean(i) = mean(u(:,i));
			nombredeVecteurs=length(u(:,1));
			uincertitude(i) = std(u(:,i))/sqrt(nombredeVecteurs);
			uintervalleincertitude(i,1) = umean(i) + uincertitude(i)*1.96;
			uintervalleincertitude(i,2) = umean(i) - uincertitude(i)*1.96;
			end;
plot(vect(taille/2:taille),uintervalleincertitude(taille/2:taille,:));
hold on;


%---------------------------------------------------------------------
%Benchmark :data/le450_25b.col
clear all;
figure;
title('data/le450_25b.col,  k =[1, 100, 10000]'
xlabel('Nombre d iterations');
ylabel('Energie');
			%Constante k : 1.0



%Seed du coloriage : -1502099024
%Recuit Simulé Exponentiel avec k l'energie moyenne
%Nombre d'itération : 5000

u0=[5022.0, 3376.0, 2223.0, 1697.0, 1197.0, 896.0, 563.0, 473.0, 428.0, 397.0, 377.0, 329.0, 328.0, 316.0, 316.0, 316.0, 308.0, 308.0, 308.0, 308.0, 308.0, 308.0, 308.0, 308.0, 308.0, 308.0, 308.0, 294.0, 294.0, 294.0, 294.0, 294.0, 294.0, 289.0, 289.0, 289.0, 289.0, 289.0, 289.0, 289.0, 289.0, 289.0, 289.0, 289.0, 289.0, 289.0, 289.0, 288.0, 258.0];
u1=[5152.0, 3377.0, 2240.0, 1580.0, 937.0, 662.0, 586.0, 522.0, 503.0, 429.0, 397.0, 370.0, 342.0, 342.0, 329.0, 320.0, 318.0, 318.0, 316.0, 316.0, 316.0, 316.0, 304.0, 299.0, 299.0, 299.0, 298.0, 298.0, 298.0, 298.0, 298.0, 298.0, 298.0, 298.0, 298.0, 298.0, 298.0, 298.0, 298.0, 298.0, 298.0, 298.0, 298.0, 298.0, 298.0, 298.0, 298.0, 294.0, 289.0];
u2=[5320.0, 3598.0, 2281.0, 1513.0, 1151.0, 865.0, 683.0, 514.0, 408.0, 338.0, 330.0, 309.0, 292.0, 284.0, 283.0, 283.0, 283.0, 283.0, 283.0, 283.0, 283.0, 283.0, 283.0, 283.0, 283.0, 283.0, 283.0, 283.0, 283.0, 283.0, 283.0, 283.0, 283.0, 283.0, 283.0, 283.0, 283.0, 283.0, 283.0, 283.0, 283.0, 283.0, 283.0, 283.0, 283.0, 283.0, 283.0, 283.0, 283.0];
u3=[5253.0, 3447.0, 2478.0, 1787.0, 1164.0, 899.0, 745.0, 578.0, 489.0, 449.0, 384.0, 358.0, 338.0, 316.0, 309.0, 309.0, 309.0, 309.0, 305.0, 300.0, 299.0, 299.0, 299.0, 290.0, 290.0, 290.0, 290.0, 290.0, 290.0, 290.0, 290.0, 290.0, 290.0, 290.0, 290.0, 290.0, 290.0, 290.0, 286.0, 273.0, 273.0, 273.0, 273.0, 273.0, 273.0, 273.0, 273.0, 273.0, 273.0];
u4=[5391.0, 3578.0, 2216.0, 1583.0, 1024.0, 768.0, 636.0, 494.0, 413.0, 384.0, 375.0, 365.0, 365.0, 361.0, 343.0, 339.0, 322.0, 322.0, 322.0, 317.0, 317.0, 317.0, 310.0, 310.0, 310.0, 310.0, 310.0, 310.0, 310.0, 310.0, 310.0, 310.0, 310.0, 310.0, 310.0, 310.0, 308.0, 308.0, 303.0, 303.0, 303.0, 303.0, 303.0, 303.0, 297.0, 282.0, 282.0, 244.0, 225.0];
u5=[5361.0, 3194.0, 2276.0, 1575.0, 1229.0, 838.0, 612.0, 527.0, 426.0, 371.0, 340.0, 334.0, 334.0, 334.0, 334.0, 334.0, 334.0, 320.0, 315.0, 303.0, 303.0, 303.0, 301.0, 295.0, 295.0, 295.0, 295.0, 295.0, 295.0, 295.0, 295.0, 295.0, 295.0, 295.0, 293.0, 293.0, 293.0, 293.0, 293.0, 288.0, 288.0, 288.0, 288.0, 288.0, 283.0, 280.0, 265.0, 256.0, 252.0];
u6=[5287.0, 3780.0, 2367.0, 1535.0, 1163.0, 884.0, 609.0, 537.0, 477.0, 415.0, 373.0, 352.0, 341.0, 307.0, 301.0, 301.0, 301.0, 298.0, 282.0, 282.0, 282.0, 282.0, 282.0, 282.0, 282.0, 282.0, 282.0, 282.0, 282.0, 282.0, 282.0, 282.0, 282.0, 282.0, 282.0, 282.0, 282.0, 282.0, 282.0, 282.0, 282.0, 282.0, 282.0, 282.0, 282.0, 282.0, 282.0, 282.0, 277.0];
u7=[5203.0, 3151.0, 2136.0, 1411.0, 908.0, 724.0, 583.0, 465.0, 407.0, 345.0, 335.0, 334.0, 331.0, 312.0, 311.0, 311.0, 308.0, 308.0, 308.0, 308.0, 308.0, 308.0, 308.0, 308.0, 308.0, 308.0, 308.0, 308.0, 308.0, 308.0, 308.0, 308.0, 308.0, 308.0, 308.0, 308.0, 308.0, 308.0, 308.0, 308.0, 308.0, 308.0, 308.0, 299.0, 299.0, 299.0, 293.0, 289.0, 276.0];
u8=[5218.0, 3321.0, 2318.0, 1648.0, 1126.0, 804.0, 578.0, 534.0, 466.0, 443.0, 389.0, 373.0, 364.0, 346.0, 346.0, 336.0, 301.0, 301.0, 301.0, 299.0, 299.0, 299.0, 299.0, 299.0, 299.0, 299.0, 299.0, 299.0, 299.0, 299.0, 299.0, 299.0, 299.0, 299.0, 299.0, 299.0, 299.0, 299.0, 295.0, 290.0, 290.0, 290.0, 290.0, 288.0, 288.0, 288.0, 288.0, 288.0, 288.0];
u9=[5222.0, 3414.0, 2280.0, 1513.0, 1056.0, 791.0, 618.0, 474.0, 434.0, 396.0, 386.0, 343.0, 332.0, 319.0, 311.0, 311.0, 309.0, 295.0, 295.0, 295.0, 295.0, 295.0, 295.0, 295.0, 295.0, 295.0, 295.0, 295.0, 295.0, 295.0, 295.0, 294.0, 292.0, 268.0, 268.0, 268.0, 268.0, 268.0, 268.0, 268.0, 268.0, 268.0, 268.0, 268.0, 268.0, 268.0, 268.0, 268.0, 268.0];
u=[u0; u1; u2; u3; u4; u5; u6; u7; u8; u9; ];
vect=100*(1:length(u0));
taille = length(u0);
umean=zeros(taille,1);
uintervalleincertitude = zeros(taille,2);
for i = 1:taille;
			umean(i) = mean(u(:,i));
			nombredeVecteurs=length(u(:,1));
			uincertitude(i) = std(u(:,i))/sqrt(nombredeVecteurs);
			uintervalleincertitude(i,1) = umean(i) + uincertitude(i)*1.96;
			uintervalleincertitude(i,2) = umean(i) - uincertitude(i)*1.96;
			end;
plot(vect(taille/2:taille),uintervalleincertitude(taille/2:taille,:));
hold on;
			%Constante k : 100.0



%Seed du coloriage : 226442005
%Recuit Simulé Exponentiel avec k l'energie moyenne
%Nombre d'itération : 5000

u0=[5498.0, 3539.0, 2343.0, 1513.0, 1126.0, 818.0, 666.0, 538.0, 448.0, 419.0, 394.0, 366.0, 334.0, 328.0, 328.0, 328.0, 328.0, 328.0, 328.0, 315.0, 315.0, 315.0, 315.0, 315.0, 315.0, 304.0, 304.0, 304.0, 304.0, 300.0, 300.0, 300.0, 300.0, 300.0, 300.0, 300.0, 300.0, 300.0, 300.0, 300.0, 300.0, 300.0, 300.0, 300.0, 297.0, 295.0, 281.0, 270.0, 261.0];
u1=[5523.0, 3382.0, 2326.0, 1603.0, 1338.0, 867.0, 716.0, 604.0, 479.0, 419.0, 404.0, 396.0, 396.0, 346.0, 338.0, 327.0, 327.0, 318.0, 300.0, 300.0, 289.0, 289.0, 289.0, 281.0, 281.0, 281.0, 281.0, 281.0, 281.0, 281.0, 281.0, 281.0, 281.0, 281.0, 281.0, 281.0, 281.0, 281.0, 281.0, 281.0, 281.0, 281.0, 281.0, 281.0, 281.0, 281.0, 281.0, 281.0, 281.0];
u2=[5012.0, 3281.0, 2231.0, 1464.0, 1101.0, 770.0, 601.0, 480.0, 441.0, 402.0, 383.0, 366.0, 342.0, 342.0, 342.0, 326.0, 326.0, 324.0, 314.0, 314.0, 314.0, 301.0, 296.0, 296.0, 296.0, 296.0, 296.0, 296.0, 296.0, 296.0, 296.0, 296.0, 296.0, 296.0, 296.0, 296.0, 295.0, 290.0, 290.0, 290.0, 290.0, 290.0, 290.0, 290.0, 274.0, 274.0, 274.0, 261.0, 246.0];
u3=[5614.0, 3602.0, 2373.0, 1559.0, 1171.0, 835.0, 617.0, 590.0, 468.0, 406.0, 383.0, 361.0, 331.0, 331.0, 331.0, 323.0, 315.0, 315.0, 302.0, 302.0, 302.0, 302.0, 302.0, 302.0, 302.0, 299.0, 299.0, 299.0, 299.0, 299.0, 299.0, 299.0, 299.0, 299.0, 299.0, 299.0, 299.0, 299.0, 299.0, 299.0, 299.0, 299.0, 299.0, 299.0, 299.0, 299.0, 288.0, 270.0, 266.0];
u4=[5573.0, 4090.0, 2765.0, 1725.0, 1187.0, 851.0, 654.0, 501.0, 450.0, 345.0, 326.0, 315.0, 315.0, 307.0, 304.0, 289.0, 281.0, 281.0, 281.0, 281.0, 281.0, 281.0, 281.0, 281.0, 281.0, 281.0, 281.0, 281.0, 281.0, 281.0, 281.0, 281.0, 281.0, 281.0, 281.0, 281.0, 281.0, 281.0, 281.0, 281.0, 281.0, 281.0, 281.0, 281.0, 281.0, 281.0, 281.0, 281.0, 281.0];
u5=[5129.0, 3377.0, 2289.0, 1405.0, 1024.0, 787.0, 674.0, 538.0, 463.0, 420.0, 386.0, 370.0, 347.0, 347.0, 332.0, 332.0, 332.0, 332.0, 332.0, 332.0, 332.0, 332.0, 332.0, 332.0, 332.0, 332.0, 319.0, 319.0, 319.0, 319.0, 317.0, 317.0, 317.0, 310.0, 310.0, 310.0, 310.0, 310.0, 310.0, 310.0, 280.0, 280.0, 280.0, 280.0, 280.0, 265.0, 265.0, 250.0, 239.0];
u6=[5535.0, 3396.0, 2203.0, 1459.0, 1068.0, 779.0, 654.0, 493.0, 461.0, 433.0, 379.0, 371.0, 335.0, 301.0, 296.0, 296.0, 296.0, 296.0, 296.0, 296.0, 296.0, 296.0, 296.0, 296.0, 296.0, 296.0, 296.0, 296.0, 285.0, 285.0, 285.0, 285.0, 285.0, 285.0, 285.0, 285.0, 285.0, 285.0, 285.0, 285.0, 285.0, 285.0, 285.0, 285.0, 285.0, 285.0, 285.0, 285.0, 285.0];
u7=[5220.0, 3427.0, 2328.0, 1673.0, 1131.0, 811.0, 645.0, 554.0, 506.0, 443.0, 416.0, 386.0, 353.0, 335.0, 323.0, 317.0, 316.0, 304.0, 283.0, 283.0, 283.0, 283.0, 283.0, 283.0, 283.0, 283.0, 283.0, 283.0, 283.0, 283.0, 283.0, 283.0, 283.0, 283.0, 283.0, 283.0, 283.0, 283.0, 283.0, 283.0, 283.0, 283.0, 283.0, 283.0, 283.0, 283.0, 283.0, 283.0, 281.0];
u8=[5320.0, 3576.0, 2248.0, 1512.0, 1006.0, 791.0, 636.0, 474.0, 445.0, 365.0, 344.0, 344.0, 341.0, 336.0, 335.0, 331.0, 330.0, 319.0, 319.0, 319.0, 319.0, 319.0, 317.0, 309.0, 309.0, 309.0, 309.0, 309.0, 309.0, 309.0, 307.0, 307.0, 303.0, 303.0, 303.0, 303.0, 303.0, 303.0, 303.0, 303.0, 303.0, 303.0, 303.0, 303.0, 302.0, 302.0, 302.0, 290.0, 269.0];
u9=[5304.0, 3583.0, 2199.0, 1577.0, 1174.0, 751.0, 542.0, 469.0, 434.0, 425.0, 392.0, 384.0, 342.0, 313.0, 313.0, 313.0, 313.0, 313.0, 313.0, 313.0, 313.0, 313.0, 313.0, 312.0, 307.0, 307.0, 307.0, 307.0, 307.0, 307.0, 307.0, 307.0, 307.0, 307.0, 307.0, 302.0, 302.0, 302.0, 302.0, 302.0, 302.0, 302.0, 302.0, 299.0, 296.0, 296.0, 280.0, 278.0, 258.0];
u=[u0; u1; u2; u3; u4; u5; u6; u7; u8; u9; ];
vect=100*(1:length(u0));
taille = length(u0);
umean=zeros(taille,1);
uintervalleincertitude = zeros(taille,2);
for i = 1:taille;
			umean(i) = mean(u(:,i));
			nombredeVecteurs=length(u(:,1));
			uincertitude(i) = std(u(:,i))/sqrt(nombredeVecteurs);
			uintervalleincertitude(i,1) = umean(i) + uincertitude(i)*1.96;
			uintervalleincertitude(i,2) = umean(i) - uincertitude(i)*1.96;
			end;
plot(vect(taille/2:taille),uintervalleincertitude(taille/2:taille,:));
hold on;
			%Constante k : 10000.0



%Seed du coloriage : 225454543
%Recuit Simulé Exponentiel avec k l'energie moyenne
%Nombre d'itération : 5000

u0=[5281.0, 3513.0, 2378.0, 1654.0, 1260.0, 854.0, 665.0, 558.0, 443.0, 338.0, 332.0, 322.0, 322.0, 318.0, 318.0, 318.0, 318.0, 317.0, 303.0, 299.0, 299.0, 299.0, 299.0, 299.0, 299.0, 299.0, 299.0, 299.0, 299.0, 299.0, 299.0, 299.0, 299.0, 299.0, 299.0, 299.0, 299.0, 299.0, 299.0, 298.0, 298.0, 298.0, 298.0, 298.0, 298.0, 298.0, 298.0, 298.0, 298.0];
u1=[5340.0, 3494.0, 2215.0, 1568.0, 1108.0, 916.0, 669.0, 540.0, 440.0, 405.0, 393.0, 371.0, 342.0, 329.0, 329.0, 329.0, 329.0, 329.0, 321.0, 321.0, 321.0, 321.0, 321.0, 320.0, 309.0, 302.0, 302.0, 290.0, 285.0, 285.0, 285.0, 285.0, 285.0, 285.0, 285.0, 285.0, 285.0, 285.0, 285.0, 285.0, 285.0, 285.0, 275.0, 275.0, 275.0, 275.0, 275.0, 275.0, 275.0];
u2=[5161.0, 3412.0, 2189.0, 1524.0, 1102.0, 877.0, 676.0, 542.0, 475.0, 458.0, 412.0, 397.0, 345.0, 336.0, 336.0, 336.0, 336.0, 336.0, 336.0, 322.0, 322.0, 305.0, 299.0, 299.0, 299.0, 299.0, 299.0, 299.0, 299.0, 299.0, 299.0, 299.0, 299.0, 299.0, 299.0, 299.0, 299.0, 296.0, 296.0, 296.0, 296.0, 288.0, 288.0, 288.0, 275.0, 275.0, 275.0, 274.0, 255.0];
u3=[5524.0, 3758.0, 2302.0, 1520.0, 1055.0, 784.0, 589.0, 521.0, 434.0, 375.0, 354.0, 323.0, 323.0, 323.0, 311.0, 311.0, 311.0, 305.0, 305.0, 305.0, 305.0, 290.0, 290.0, 275.0, 275.0, 275.0, 275.0, 275.0, 275.0, 275.0, 275.0, 275.0, 275.0, 275.0, 275.0, 275.0, 275.0, 275.0, 275.0, 275.0, 275.0, 275.0, 275.0, 275.0, 275.0, 275.0, 275.0, 275.0, 275.0];
u4=[5428.0, 3646.0, 2648.0, 1803.0, 1238.0, 888.0, 788.0, 671.0, 521.0, 425.0, 372.0, 358.0, 345.0, 344.0, 341.0, 321.0, 311.0, 305.0, 302.0, 302.0, 302.0, 302.0, 302.0, 302.0, 302.0, 302.0, 302.0, 302.0, 302.0, 302.0, 302.0, 302.0, 302.0, 302.0, 302.0, 302.0, 302.0, 302.0, 302.0, 302.0, 302.0, 302.0, 302.0, 292.0, 292.0, 292.0, 292.0, 292.0, 291.0];
u5=[5459.0, 3603.0, 2261.0, 1452.0, 1039.0, 677.0, 572.0, 415.0, 366.0, 333.0, 330.0, 307.0, 307.0, 307.0, 307.0, 307.0, 293.0, 293.0, 293.0, 293.0, 293.0, 293.0, 293.0, 293.0, 293.0, 293.0, 292.0, 292.0, 292.0, 292.0, 292.0, 292.0, 292.0, 288.0, 288.0, 285.0, 285.0, 285.0, 285.0, 285.0, 285.0, 285.0, 285.0, 285.0, 285.0, 285.0, 285.0, 285.0, 285.0];
u6=[5305.0, 3268.0, 2078.0, 1394.0, 1024.0, 789.0, 708.0, 602.0, 530.0, 473.0, 400.0, 367.0, 310.0, 300.0, 291.0, 291.0, 291.0, 291.0, 291.0, 291.0, 291.0, 291.0, 291.0, 291.0, 291.0, 284.0, 280.0, 280.0, 280.0, 280.0, 280.0, 280.0, 280.0, 280.0, 280.0, 280.0, 280.0, 280.0, 280.0, 280.0, 280.0, 280.0, 280.0, 280.0, 280.0, 280.0, 278.0, 262.0, 256.0];
u7=[5572.0, 3616.0, 2221.0, 1507.0, 1058.0, 755.0, 675.0, 533.0, 472.0, 374.0, 346.0, 316.0, 316.0, 316.0, 316.0, 316.0, 316.0, 316.0, 316.0, 316.0, 312.0, 310.0, 305.0, 305.0, 305.0, 305.0, 305.0, 305.0, 305.0, 305.0, 305.0, 305.0, 305.0, 305.0, 305.0, 305.0, 305.0, 305.0, 305.0, 305.0, 305.0, 305.0, 305.0, 305.0, 305.0, 305.0, 288.0, 287.0, 265.0];
u8=[5365.0, 3534.0, 2546.0, 1807.0, 1244.0, 909.0, 712.0, 564.0, 484.0, 456.0, 392.0, 374.0, 374.0, 371.0, 352.0, 348.0, 338.0, 328.0, 328.0, 328.0, 328.0, 328.0, 328.0, 328.0, 328.0, 328.0, 313.0, 313.0, 311.0, 303.0, 301.0, 294.0, 291.0, 290.0, 290.0, 290.0, 290.0, 290.0, 290.0, 290.0, 290.0, 290.0, 290.0, 290.0, 290.0, 290.0, 290.0, 269.0, 269.0];
u9=[5184.0, 3481.0, 2180.0, 1589.0, 1161.0, 777.0, 651.0, 572.0, 469.0, 430.0, 387.0, 365.0, 347.0, 331.0, 324.0, 324.0, 324.0, 324.0, 324.0, 324.0, 323.0, 300.0, 290.0, 290.0, 290.0, 290.0, 290.0, 290.0, 290.0, 290.0, 290.0, 285.0, 285.0, 285.0, 285.0, 285.0, 285.0, 285.0, 285.0, 285.0, 285.0, 285.0, 285.0, 285.0, 285.0, 285.0, 285.0, 285.0, 285.0];
u=[u0; u1; u2; u3; u4; u5; u6; u7; u8; u9; ];
vect=100*(1:length(u0));
taille = length(u0);
umean=zeros(taille,1);
uintervalleincertitude = zeros(taille,2);
for i = 1:taille;
			umean(i) = mean(u(:,i));
			nombredeVecteurs=length(u(:,1));
			uincertitude(i) = std(u(:,i))/sqrt(nombredeVecteurs);
			uintervalleincertitude(i,1) = umean(i) + uincertitude(i)*1.96;
			uintervalleincertitude(i,2) = umean(i) - uincertitude(i)*1.96;
			end;
plot(vect(taille/2:taille),uintervalleincertitude(taille/2:taille,:));
hold on;
