%Sortie Graphique : 
%Taille Echantillon : 10
%Echantillonnage : 100
%Température de départ : 7000.0
%Température de fin : 0.0


%---------------------------------------------------------------------
%Benchmark :data/le450_25a.col
clear all;
figure;
title('data/le450_25a.col,  k =[1]'
xlabel('Nombre d iterations');
ylabel('Energie');

%Constante k : 1.0

Facteur : 0.9


%Seed du coloriage : -1874321393
%Recuit Simulé Exponentiel avec k l'energie moyenne
%Nombre d'itération : 10000

u0=[4904.0, 3437.0, 2098.0, 1358.0, 926.0, 683.0, 461.0, 357.0, 291.0, 240.0, 210.0, 182.0, 155.0, 143.0, 134.0, 124.0, 117.0, 113.0, 109.0, 100.0, 97.0, 94.0, 91.0, 87.0, 83.0, 82.0, 77.0, 74.0, 72.0, 68.0, 67.0, 67.0, 66.0, 66.0, 63.0, 60.0, 60.0, 60.0, 59.0, 58.0, 54.0, 53.0, 51.0, 51.0, 50.0, 47.0, 46.0, 42.0, 42.0, 41.0, 39.0, 38.0, 38.0, 38.0, 37.0, 35.0, 33.0, 33.0, 33.0, 32.0, 32.0, 32.0, 30.0, 29.0, 29.0, 29.0, 28.0, 28.0, 27.0, 27.0, 27.0, 26.0, 25.0, 25.0, 25.0, 25.0, 24.0, 24.0, 24.0, 23.0, 23.0, 23.0, 23.0, 23.0, 23.0, 22.0, 22.0, 22.0, 22.0, 22.0, 22.0, 22.0, 22.0, 22.0, 22.0, 22.0, 22.0, 21.0, 21.0];
u1=[5177.0, 3187.0, 1973.0, 1307.0, 870.0, 649.0, 515.0, 348.0, 257.0, 208.0, 191.0, 160.0, 143.0, 134.0, 129.0, 122.0, 115.0, 112.0, 106.0, 102.0, 99.0, 92.0, 89.0, 86.0, 82.0, 80.0, 79.0, 78.0, 72.0, 70.0, 64.0, 64.0, 62.0, 60.0, 59.0, 58.0, 56.0, 55.0, 53.0, 52.0, 51.0, 49.0, 47.0, 45.0, 45.0, 44.0, 44.0, 44.0, 44.0, 44.0, 42.0, 41.0, 41.0, 40.0, 40.0, 40.0, 39.0, 39.0, 39.0, 39.0, 37.0, 36.0, 36.0, 36.0, 34.0, 34.0, 32.0, 32.0, 32.0, 31.0, 31.0, 31.0, 31.0, 31.0, 31.0, 31.0, 31.0, 30.0, 30.0, 30.0, 30.0, 30.0, 30.0, 30.0, 30.0, 30.0, 30.0, 30.0, 30.0, 30.0, 30.0, 30.0, 30.0, 29.0, 28.0, 28.0, 28.0, 28.0, 28.0];
u2=[5076.0, 3598.0, 2293.0, 1583.0, 1084.0, 788.0, 552.0, 391.0, 329.0, 252.0, 211.0, 183.0, 165.0, 151.0, 139.0, 123.0, 116.0, 109.0, 100.0, 98.0, 94.0, 92.0, 87.0, 85.0, 81.0, 79.0, 74.0, 72.0, 69.0, 67.0, 64.0, 62.0, 60.0, 54.0, 54.0, 52.0, 51.0, 50.0, 50.0, 49.0, 49.0, 48.0, 47.0, 47.0, 47.0, 46.0, 43.0, 43.0, 42.0, 40.0, 40.0, 39.0, 38.0, 37.0, 37.0, 36.0, 36.0, 36.0, 35.0, 35.0, 34.0, 34.0, 34.0, 34.0, 34.0, 34.0, 33.0, 33.0, 33.0, 33.0, 33.0, 33.0, 33.0, 33.0, 32.0, 32.0, 32.0, 32.0, 32.0, 32.0, 32.0, 31.0, 31.0, 31.0, 31.0, 30.0, 30.0, 29.0, 29.0, 28.0, 28.0, 28.0, 25.0, 25.0, 25.0, 25.0, 25.0, 25.0, 25.0];
u3=[5595.0, 3710.0, 2448.0, 1691.0, 1078.0, 736.0, 526.0, 392.0, 263.0, 237.0, 202.0, 168.0, 155.0, 145.0, 133.0, 130.0, 120.0, 113.0, 104.0, 99.0, 90.0, 89.0, 86.0, 84.0, 82.0, 77.0, 76.0, 71.0, 69.0, 69.0, 67.0, 66.0, 64.0, 62.0, 62.0, 60.0, 60.0, 57.0, 57.0, 56.0, 55.0, 54.0, 51.0, 50.0, 50.0, 46.0, 46.0, 46.0, 45.0, 45.0, 44.0, 43.0, 43.0, 42.0, 42.0, 39.0, 38.0, 38.0, 37.0, 37.0, 36.0, 36.0, 36.0, 36.0, 36.0, 36.0, 34.0, 34.0, 34.0, 34.0, 33.0, 33.0, 32.0, 31.0, 31.0, 31.0, 31.0, 30.0, 30.0, 28.0, 28.0, 28.0, 28.0, 27.0, 27.0, 27.0, 27.0, 27.0, 27.0, 27.0, 27.0, 27.0, 27.0, 26.0, 26.0, 25.0, 25.0, 24.0, 23.0];
u4=[5446.0, 3532.0, 2297.0, 1390.0, 1023.0, 732.0, 545.0, 425.0, 315.0, 272.0, 218.0, 184.0, 159.0, 141.0, 137.0, 129.0, 122.0, 118.0, 113.0, 102.0, 96.0, 90.0, 85.0, 84.0, 80.0, 80.0, 75.0, 72.0, 68.0, 66.0, 64.0, 64.0, 64.0, 63.0, 61.0, 61.0, 58.0, 55.0, 54.0, 54.0, 53.0, 53.0, 53.0, 48.0, 47.0, 46.0, 45.0, 44.0, 42.0, 42.0, 42.0, 42.0, 42.0, 42.0, 41.0, 41.0, 41.0, 39.0, 39.0, 38.0, 37.0, 37.0, 37.0, 37.0, 36.0, 36.0, 35.0, 35.0, 35.0, 35.0, 34.0, 34.0, 33.0, 33.0, 33.0, 33.0, 32.0, 32.0, 32.0, 32.0, 31.0, 31.0, 31.0, 31.0, 31.0, 30.0, 29.0, 29.0, 29.0, 29.0, 29.0, 29.0, 29.0, 27.0, 27.0, 27.0, 27.0, 27.0, 27.0];
u5=[5402.0, 3472.0, 2213.0, 1392.0, 856.0, 579.0, 430.0, 339.0, 283.0, 239.0, 189.0, 172.0, 151.0, 140.0, 134.0, 125.0, 118.0, 110.0, 100.0, 98.0, 91.0, 87.0, 83.0, 81.0, 74.0, 74.0, 72.0, 71.0, 70.0, 66.0, 64.0, 61.0, 61.0, 61.0, 60.0, 60.0, 60.0, 59.0, 59.0, 59.0, 58.0, 56.0, 53.0, 50.0, 50.0, 48.0, 47.0, 47.0, 47.0, 46.0, 44.0, 44.0, 43.0, 42.0, 42.0, 42.0, 41.0, 39.0, 38.0, 37.0, 37.0, 36.0, 36.0, 36.0, 35.0, 35.0, 34.0, 34.0, 34.0, 34.0, 34.0, 34.0, 34.0, 34.0, 33.0, 33.0, 33.0, 33.0, 32.0, 31.0, 31.0, 31.0, 31.0, 31.0, 31.0, 31.0, 30.0, 30.0, 29.0, 29.0, 29.0, 28.0, 28.0, 27.0, 26.0, 25.0, 25.0, 25.0, 25.0];
u6=[5000.0, 3128.0, 2067.0, 1355.0, 800.0, 594.0, 450.0, 351.0, 270.0, 223.0, 197.0, 181.0, 161.0, 147.0, 132.0, 118.0, 114.0, 106.0, 101.0, 97.0, 92.0, 87.0, 86.0, 83.0, 80.0, 76.0, 72.0, 70.0, 66.0, 66.0, 64.0, 63.0, 62.0, 60.0, 55.0, 53.0, 51.0, 50.0, 48.0, 48.0, 47.0, 47.0, 46.0, 45.0, 43.0, 43.0, 43.0, 43.0, 43.0, 42.0, 40.0, 39.0, 39.0, 39.0, 38.0, 38.0, 38.0, 35.0, 35.0, 34.0, 34.0, 34.0, 34.0, 34.0, 34.0, 33.0, 33.0, 31.0, 31.0, 29.0, 28.0, 28.0, 28.0, 28.0, 27.0, 27.0, 26.0, 26.0, 26.0, 25.0, 25.0, 25.0, 25.0, 25.0, 24.0, 24.0, 24.0, 24.0, 24.0, 24.0, 23.0, 23.0, 21.0, 21.0, 21.0, 21.0, 21.0, 21.0, 21.0];
u7=[5531.0, 3690.0, 2424.0, 1493.0, 989.0, 642.0, 494.0, 345.0, 260.0, 221.0, 190.0, 177.0, 162.0, 144.0, 138.0, 132.0, 124.0, 113.0, 106.0, 103.0, 99.0, 92.0, 87.0, 84.0, 81.0, 79.0, 78.0, 75.0, 73.0, 71.0, 70.0, 68.0, 68.0, 68.0, 67.0, 63.0, 60.0, 56.0, 53.0, 52.0, 51.0, 50.0, 49.0, 48.0, 46.0, 45.0, 44.0, 42.0, 42.0, 41.0, 41.0, 41.0, 41.0, 40.0, 39.0, 37.0, 37.0, 37.0, 36.0, 35.0, 34.0, 34.0, 33.0, 33.0, 31.0, 31.0, 30.0, 30.0, 29.0, 28.0, 28.0, 28.0, 28.0, 28.0, 28.0, 27.0, 27.0, 27.0, 26.0, 26.0, 25.0, 25.0, 24.0, 24.0, 24.0, 23.0, 23.0, 23.0, 23.0, 23.0, 23.0, 23.0, 23.0, 23.0, 23.0, 22.0, 22.0, 22.0, 22.0];
u8=[5575.0, 3588.0, 2374.0, 1833.0, 1323.0, 955.0, 675.0, 438.0, 354.0, 263.0, 227.0, 195.0, 170.0, 159.0, 152.0, 141.0, 136.0, 126.0, 122.0, 117.0, 108.0, 106.0, 100.0, 97.0, 92.0, 89.0, 83.0, 79.0, 77.0, 73.0, 69.0, 69.0, 66.0, 64.0, 61.0, 61.0, 60.0, 60.0, 58.0, 57.0, 57.0, 57.0, 55.0, 54.0, 54.0, 54.0, 52.0, 50.0, 48.0, 47.0, 44.0, 44.0, 42.0, 41.0, 41.0, 40.0, 40.0, 39.0, 39.0, 39.0, 39.0, 39.0, 39.0, 38.0, 38.0, 36.0, 36.0, 36.0, 36.0, 36.0, 36.0, 35.0, 35.0, 35.0, 35.0, 35.0, 35.0, 34.0, 34.0, 34.0, 33.0, 32.0, 31.0, 31.0, 31.0, 29.0, 29.0, 27.0, 27.0, 27.0, 26.0, 26.0, 26.0, 25.0, 23.0, 23.0, 23.0, 23.0, 23.0];
u9=[5501.0, 3559.0, 2295.0, 1574.0, 1075.0, 839.0, 553.0, 415.0, 325.0, 238.0, 193.0, 182.0, 165.0, 154.0, 141.0, 128.0, 124.0, 112.0, 105.0, 101.0, 94.0, 89.0, 87.0, 83.0, 79.0, 76.0, 74.0, 70.0, 64.0, 61.0, 58.0, 57.0, 57.0, 56.0, 55.0, 53.0, 52.0, 52.0, 52.0, 50.0, 47.0, 47.0, 47.0, 45.0, 44.0, 44.0, 43.0, 42.0, 42.0, 42.0, 41.0, 39.0, 38.0, 37.0, 37.0, 36.0, 36.0, 36.0, 35.0, 35.0, 34.0, 34.0, 33.0, 33.0, 33.0, 33.0, 33.0, 32.0, 31.0, 31.0, 31.0, 31.0, 31.0, 31.0, 31.0, 30.0, 29.0, 29.0, 29.0, 29.0, 29.0, 29.0, 29.0, 29.0, 29.0, 29.0, 29.0, 28.0, 27.0, 27.0, 27.0, 26.0, 26.0, 26.0, 26.0, 24.0, 24.0, 24.0, 24.0];
u=[u0; u1; u2; u3; u4; u5; u6; u7; u8; u9; ];
vect=100*(1:length(u0));
taille = length(u0);
umean=zeros(taille,1);
uintervalleincertitude = zeros(taille,2);
for i = 1:taille;
			umean(i) = mean(u(:,i));
			nombredeVecteurs=length(u(:,1));
			uincertitude(i) = std(u(:,i))/sqrt(nombredeVecteurs);
			uintervalleincertitude(i,1) = umean(i) + uincertitude(i)*1.96;
			uintervalleincertitude(i,2) = umean(i) - uincertitude(i)*1.96;
			end;
plot(vect(taille/2:taille),uintervalleincertitude(taille/2:taille,:));
hold on;


%---------------------------------------------------------------------
%Benchmark :data/le450_25b.col
clear all;
figure;
title('data/le450_25b.col,  k =[1]'
xlabel('Nombre d iterations');
ylabel('Energie');

%Constante k : 1.0

Facteur : 0.9


%Seed du coloriage : 1235151519
%Recuit Simulé Exponentiel avec k l'energie moyenne
%Nombre d'itération : 10000

u0=[5193.0, 3348.0, 2060.0, 1292.0, 775.0, 524.0, 357.0, 294.0, 257.0, 224.0, 200.0, 191.0, 168.0, 147.0, 136.0, 121.0, 115.0, 111.0, 106.0, 99.0, 95.0, 91.0, 85.0, 84.0, 79.0, 75.0, 75.0, 74.0, 70.0, 67.0, 63.0, 61.0, 60.0, 58.0, 55.0, 52.0, 51.0, 48.0, 47.0, 45.0, 44.0, 41.0, 40.0, 40.0, 40.0, 40.0, 40.0, 39.0, 39.0, 38.0, 38.0, 38.0, 38.0, 34.0, 34.0, 33.0, 33.0, 31.0, 30.0, 30.0, 30.0, 30.0, 29.0, 29.0, 27.0, 27.0, 27.0, 27.0, 27.0, 25.0, 24.0, 23.0, 23.0, 22.0, 21.0, 21.0, 21.0, 21.0, 21.0, 21.0, 21.0, 21.0, 21.0, 21.0, 21.0, 21.0, 21.0, 20.0, 20.0, 19.0, 19.0, 19.0, 18.0, 18.0, 18.0, 18.0, 18.0, 17.0, 17.0];
u1=[5143.0, 3431.0, 2332.0, 1478.0, 965.0, 647.0, 467.0, 390.0, 316.0, 259.0, 233.0, 185.0, 170.0, 155.0, 149.0, 137.0, 128.0, 119.0, 112.0, 108.0, 104.0, 96.0, 88.0, 84.0, 80.0, 74.0, 69.0, 68.0, 65.0, 62.0, 62.0, 59.0, 57.0, 56.0, 55.0, 53.0, 52.0, 50.0, 50.0, 48.0, 47.0, 45.0, 42.0, 40.0, 40.0, 38.0, 36.0, 36.0, 35.0, 35.0, 31.0, 31.0, 30.0, 30.0, 30.0, 29.0, 29.0, 29.0, 29.0, 29.0, 29.0, 29.0, 29.0, 29.0, 27.0, 26.0, 26.0, 25.0, 24.0, 24.0, 23.0, 23.0, 23.0, 23.0, 23.0, 23.0, 22.0, 22.0, 22.0, 22.0, 22.0, 22.0, 21.0, 21.0, 21.0, 21.0, 20.0, 20.0, 18.0, 18.0, 18.0, 18.0, 18.0, 18.0, 18.0, 17.0, 17.0, 17.0, 17.0];
u2=[5412.0, 3405.0, 2217.0, 1559.0, 1158.0, 824.0, 583.0, 382.0, 281.0, 221.0, 188.0, 163.0, 145.0, 131.0, 125.0, 115.0, 109.0, 104.0, 95.0, 93.0, 92.0, 87.0, 83.0, 80.0, 76.0, 71.0, 69.0, 65.0, 62.0, 58.0, 58.0, 58.0, 58.0, 56.0, 56.0, 56.0, 52.0, 50.0, 49.0, 49.0, 48.0, 47.0, 47.0, 46.0, 41.0, 41.0, 41.0, 38.0, 36.0, 36.0, 36.0, 34.0, 34.0, 34.0, 34.0, 34.0, 32.0, 31.0, 31.0, 31.0, 31.0, 31.0, 31.0, 31.0, 31.0, 29.0, 29.0, 29.0, 27.0, 26.0, 24.0, 24.0, 24.0, 24.0, 24.0, 24.0, 22.0, 22.0, 22.0, 22.0, 22.0, 22.0, 22.0, 22.0, 22.0, 22.0, 21.0, 21.0, 21.0, 21.0, 20.0, 20.0, 20.0, 20.0, 20.0, 20.0, 20.0, 20.0, 20.0];
u3=[5133.0, 3597.0, 2210.0, 1457.0, 939.0, 634.0, 533.0, 393.0, 296.0, 241.0, 208.0, 172.0, 152.0, 137.0, 128.0, 119.0, 114.0, 110.0, 104.0, 98.0, 93.0, 88.0, 86.0, 86.0, 84.0, 79.0, 78.0, 73.0, 73.0, 68.0, 66.0, 62.0, 59.0, 56.0, 56.0, 52.0, 51.0, 49.0, 49.0, 49.0, 44.0, 43.0, 43.0, 43.0, 43.0, 43.0, 42.0, 41.0, 39.0, 39.0, 37.0, 37.0, 36.0, 36.0, 35.0, 35.0, 34.0, 33.0, 33.0, 33.0, 32.0, 30.0, 29.0, 29.0, 29.0, 29.0, 29.0, 29.0, 29.0, 27.0, 26.0, 25.0, 25.0, 25.0, 24.0, 23.0, 22.0, 22.0, 22.0, 22.0, 22.0, 22.0, 21.0, 21.0, 20.0, 20.0, 20.0, 20.0, 20.0, 20.0, 19.0, 19.0, 19.0, 18.0, 18.0, 18.0, 18.0, 18.0, 18.0];
u4=[5300.0, 3453.0, 2207.0, 1561.0, 1052.0, 715.0, 525.0, 405.0, 303.0, 237.0, 200.0, 170.0, 151.0, 137.0, 125.0, 117.0, 109.0, 102.0, 99.0, 93.0, 89.0, 83.0, 82.0, 80.0, 78.0, 76.0, 73.0, 72.0, 67.0, 66.0, 66.0, 65.0, 64.0, 63.0, 63.0, 58.0, 58.0, 56.0, 56.0, 56.0, 56.0, 56.0, 55.0, 53.0, 50.0, 49.0, 47.0, 47.0, 47.0, 45.0, 45.0, 42.0, 40.0, 40.0, 38.0, 38.0, 38.0, 38.0, 37.0, 37.0, 37.0, 37.0, 35.0, 35.0, 35.0, 35.0, 34.0, 34.0, 34.0, 33.0, 31.0, 31.0, 30.0, 30.0, 30.0, 30.0, 30.0, 30.0, 30.0, 30.0, 30.0, 29.0, 29.0, 29.0, 29.0, 29.0, 29.0, 28.0, 28.0, 26.0, 26.0, 26.0, 26.0, 26.0, 26.0, 25.0, 25.0, 25.0, 25.0];
u5=[5539.0, 3535.0, 2434.0, 1632.0, 1144.0, 774.0, 569.0, 411.0, 347.0, 305.0, 226.0, 190.0, 171.0, 147.0, 140.0, 128.0, 121.0, 115.0, 111.0, 104.0, 94.0, 93.0, 85.0, 85.0, 79.0, 79.0, 76.0, 73.0, 70.0, 67.0, 65.0, 64.0, 61.0, 61.0, 60.0, 60.0, 56.0, 55.0, 54.0, 54.0, 53.0, 49.0, 48.0, 48.0, 48.0, 48.0, 48.0, 47.0, 47.0, 46.0, 46.0, 46.0, 44.0, 43.0, 42.0, 42.0, 42.0, 41.0, 41.0, 38.0, 38.0, 38.0, 38.0, 38.0, 38.0, 36.0, 36.0, 34.0, 32.0, 32.0, 32.0, 32.0, 31.0, 31.0, 31.0, 31.0, 31.0, 31.0, 31.0, 31.0, 31.0, 31.0, 31.0, 30.0, 28.0, 28.0, 28.0, 28.0, 28.0, 27.0, 27.0, 27.0, 27.0, 27.0, 27.0, 26.0, 26.0, 25.0, 24.0];
u6=[5230.0, 3386.0, 1968.0, 1360.0, 913.0, 709.0, 504.0, 359.0, 297.0, 241.0, 202.0, 175.0, 155.0, 139.0, 122.0, 112.0, 105.0, 102.0, 96.0, 96.0, 88.0, 84.0, 78.0, 74.0, 72.0, 71.0, 71.0, 67.0, 63.0, 61.0, 61.0, 60.0, 59.0, 57.0, 57.0, 54.0, 51.0, 49.0, 48.0, 46.0, 45.0, 44.0, 44.0, 43.0, 42.0, 41.0, 40.0, 39.0, 39.0, 37.0, 35.0, 34.0, 34.0, 34.0, 34.0, 34.0, 32.0, 32.0, 31.0, 31.0, 31.0, 30.0, 29.0, 29.0, 28.0, 28.0, 28.0, 27.0, 26.0, 26.0, 26.0, 25.0, 25.0, 25.0, 25.0, 25.0, 24.0, 23.0, 22.0, 22.0, 22.0, 22.0, 22.0, 22.0, 22.0, 21.0, 21.0, 21.0, 21.0, 21.0, 21.0, 20.0, 19.0, 19.0, 19.0, 18.0, 18.0, 18.0, 18.0];
u7=[5249.0, 3455.0, 2338.0, 1435.0, 877.0, 635.0, 489.0, 375.0, 294.0, 249.0, 206.0, 176.0, 161.0, 141.0, 128.0, 121.0, 114.0, 111.0, 106.0, 102.0, 99.0, 93.0, 88.0, 87.0, 82.0, 80.0, 74.0, 73.0, 70.0, 68.0, 65.0, 63.0, 58.0, 57.0, 56.0, 55.0, 53.0, 51.0, 49.0, 48.0, 47.0, 46.0, 43.0, 43.0, 43.0, 43.0, 42.0, 40.0, 40.0, 40.0, 39.0, 38.0, 37.0, 37.0, 37.0, 36.0, 36.0, 34.0, 34.0, 34.0, 33.0, 33.0, 33.0, 33.0, 32.0, 32.0, 32.0, 31.0, 31.0, 31.0, 31.0, 31.0, 31.0, 30.0, 30.0, 30.0, 30.0, 30.0, 29.0, 28.0, 28.0, 27.0, 26.0, 25.0, 25.0, 25.0, 25.0, 25.0, 24.0, 24.0, 24.0, 22.0, 22.0, 22.0, 21.0, 21.0, 21.0, 20.0, 20.0];
u8=[5215.0, 3247.0, 2113.0, 1389.0, 879.0, 555.0, 375.0, 302.0, 264.0, 218.0, 176.0, 149.0, 140.0, 134.0, 125.0, 123.0, 118.0, 113.0, 106.0, 98.0, 98.0, 94.0, 92.0, 84.0, 82.0, 76.0, 72.0, 70.0, 66.0, 63.0, 62.0, 60.0, 58.0, 58.0, 57.0, 55.0, 55.0, 54.0, 54.0, 53.0, 51.0, 51.0, 50.0, 48.0, 47.0, 47.0, 44.0, 42.0, 42.0, 40.0, 40.0, 37.0, 37.0, 37.0, 35.0, 35.0, 34.0, 34.0, 34.0, 33.0, 33.0, 32.0, 31.0, 31.0, 30.0, 30.0, 30.0, 30.0, 30.0, 30.0, 29.0, 29.0, 29.0, 28.0, 28.0, 28.0, 28.0, 27.0, 26.0, 26.0, 26.0, 26.0, 26.0, 26.0, 25.0, 25.0, 25.0, 25.0, 25.0, 25.0, 24.0, 24.0, 24.0, 23.0, 23.0, 23.0, 23.0, 23.0, 23.0];
u9=[5278.0, 3510.0, 2153.0, 1322.0, 921.0, 683.0, 491.0, 323.0, 268.0, 242.0, 217.0, 187.0, 158.0, 145.0, 134.0, 127.0, 119.0, 110.0, 105.0, 101.0, 95.0, 88.0, 84.0, 80.0, 76.0, 74.0, 72.0, 72.0, 69.0, 64.0, 62.0, 62.0, 60.0, 59.0, 58.0, 58.0, 57.0, 57.0, 57.0, 57.0, 57.0, 57.0, 56.0, 51.0, 49.0, 49.0, 49.0, 48.0, 47.0, 47.0, 45.0, 45.0, 43.0, 43.0, 43.0, 43.0, 43.0, 43.0, 42.0, 42.0, 41.0, 39.0, 36.0, 35.0, 33.0, 33.0, 33.0, 33.0, 31.0, 30.0, 29.0, 29.0, 29.0, 29.0, 29.0, 29.0, 29.0, 29.0, 29.0, 29.0, 27.0, 27.0, 27.0, 27.0, 26.0, 26.0, 26.0, 26.0, 25.0, 25.0, 25.0, 25.0, 25.0, 25.0, 24.0, 24.0, 24.0, 24.0, 24.0];
u=[u0; u1; u2; u3; u4; u5; u6; u7; u8; u9; ];
vect=100*(1:length(u0));
taille = length(u0);
umean=zeros(taille,1);
uintervalleincertitude = zeros(taille,2);
for i = 1:taille;
			umean(i) = mean(u(:,i));
			nombredeVecteurs=length(u(:,1));
			uincertitude(i) = std(u(:,i))/sqrt(nombredeVecteurs);
			uintervalleincertitude(i,1) = umean(i) + uincertitude(i)*1.96;
			uintervalleincertitude(i,2) = umean(i) - uincertitude(i)*1.96;
			end;
plot(vect(taille/2:taille),uintervalleincertitude(taille/2:taille,:));
hold on;


%---------------------------------------------------------------------
%Benchmark :data/le450_25c.col
clear all;
figure;
title('data/le450_25c.col,  k =[1]'
xlabel('Nombre d iterations');
ylabel('Energie');

%Constante k : 1.0

Facteur : 0.9


%Seed du coloriage : -778038498
%Recuit Simulé Exponentiel avec k l'energie moyenne
%Nombre d'itération : 10000

u0=[10995.0, 7378.0, 5209.0, 3586.0, 2534.0, 1723.0, 1305.0, 848.0, 688.0, 571.0, 513.0, 454.0, 414.0, 391.0, 372.0, 347.0, 333.0, 321.0, 309.0, 301.0, 290.0, 285.0, 276.0, 271.0, 264.0, 255.0, 250.0, 247.0, 243.0, 239.0, 236.0, 231.0, 230.0, 226.0, 221.0, 219.0, 216.0, 214.0, 210.0, 206.0, 202.0, 202.0, 200.0, 198.0, 196.0, 195.0, 192.0, 192.0, 191.0, 189.0, 187.0, 186.0, 185.0, 185.0, 185.0, 183.0, 180.0, 177.0, 176.0, 175.0, 171.0, 169.0, 169.0, 169.0, 168.0, 165.0, 164.0, 163.0, 161.0, 161.0, 160.0, 160.0, 158.0, 158.0, 157.0, 157.0, 153.0, 153.0, 153.0, 152.0, 152.0, 151.0, 151.0, 150.0, 149.0, 149.0, 149.0, 145.0, 145.0, 144.0, 144.0, 143.0, 140.0, 140.0, 140.0, 140.0, 139.0, 139.0, 138.0];
u1=[11408.0, 7721.0, 5240.0, 3675.0, 2534.0, 1788.0, 1258.0, 949.0, 723.0, 593.0, 537.0, 475.0, 431.0, 395.0, 375.0, 352.0, 340.0, 331.0, 314.0, 302.0, 295.0, 286.0, 279.0, 277.0, 271.0, 267.0, 265.0, 260.0, 253.0, 247.0, 242.0, 233.0, 231.0, 229.0, 226.0, 222.0, 221.0, 216.0, 211.0, 209.0, 202.0, 202.0, 196.0, 193.0, 188.0, 187.0, 186.0, 186.0, 185.0, 182.0, 180.0, 177.0, 174.0, 173.0, 170.0, 167.0, 167.0, 166.0, 163.0, 162.0, 162.0, 162.0, 162.0, 161.0, 160.0, 160.0, 159.0, 157.0, 157.0, 156.0, 156.0, 155.0, 155.0, 154.0, 153.0, 151.0, 151.0, 151.0, 151.0, 151.0, 151.0, 150.0, 149.0, 147.0, 147.0, 147.0, 147.0, 147.0, 146.0, 146.0, 146.0, 146.0, 146.0, 145.0, 145.0, 145.0, 145.0, 145.0, 145.0];
u2=[11452.0, 7679.0, 4975.0, 3193.0, 2082.0, 1634.0, 1220.0, 809.0, 650.0, 569.0, 503.0, 449.0, 405.0, 387.0, 363.0, 345.0, 329.0, 322.0, 311.0, 304.0, 297.0, 284.0, 279.0, 274.0, 273.0, 267.0, 261.0, 257.0, 254.0, 252.0, 249.0, 243.0, 238.0, 231.0, 225.0, 222.0, 219.0, 216.0, 215.0, 211.0, 209.0, 206.0, 205.0, 203.0, 203.0, 202.0, 200.0, 197.0, 193.0, 193.0, 191.0, 189.0, 188.0, 188.0, 187.0, 184.0, 182.0, 179.0, 177.0, 175.0, 175.0, 175.0, 174.0, 174.0, 172.0, 169.0, 168.0, 168.0, 167.0, 165.0, 163.0, 162.0, 162.0, 162.0, 162.0, 158.0, 156.0, 155.0, 153.0, 152.0, 150.0, 148.0, 148.0, 147.0, 147.0, 146.0, 145.0, 145.0, 144.0, 143.0, 143.0, 142.0, 140.0, 139.0, 138.0, 138.0, 138.0, 137.0, 136.0];
u3=[11376.0, 7131.0, 4635.0, 3121.0, 2033.0, 1397.0, 1066.0, 747.0, 620.0, 544.0, 487.0, 435.0, 407.0, 383.0, 366.0, 349.0, 346.0, 334.0, 329.0, 320.0, 306.0, 300.0, 294.0, 287.0, 282.0, 276.0, 268.0, 262.0, 262.0, 255.0, 254.0, 249.0, 243.0, 241.0, 239.0, 233.0, 228.0, 224.0, 224.0, 218.0, 215.0, 213.0, 210.0, 209.0, 209.0, 204.0, 198.0, 196.0, 196.0, 192.0, 191.0, 189.0, 189.0, 187.0, 185.0, 183.0, 182.0, 181.0, 179.0, 178.0, 178.0, 174.0, 174.0, 171.0, 171.0, 171.0, 171.0, 168.0, 167.0, 163.0, 163.0, 162.0, 161.0, 161.0, 159.0, 154.0, 154.0, 152.0, 151.0, 150.0, 150.0, 148.0, 148.0, 146.0, 144.0, 144.0, 143.0, 143.0, 143.0, 142.0, 141.0, 141.0, 140.0, 140.0, 138.0, 135.0, 134.0, 133.0, 131.0];
u4=[11357.0, 7287.0, 5052.0, 3209.0, 2231.0, 1578.0, 1180.0, 870.0, 644.0, 523.0, 467.0, 432.0, 412.0, 387.0, 377.0, 348.0, 335.0, 322.0, 317.0, 297.0, 290.0, 286.0, 279.0, 266.0, 261.0, 255.0, 249.0, 245.0, 241.0, 236.0, 231.0, 225.0, 221.0, 214.0, 212.0, 210.0, 209.0, 208.0, 204.0, 203.0, 200.0, 200.0, 199.0, 197.0, 193.0, 191.0, 188.0, 184.0, 182.0, 182.0, 181.0, 179.0, 178.0, 178.0, 174.0, 172.0, 170.0, 168.0, 166.0, 164.0, 163.0, 161.0, 160.0, 159.0, 159.0, 159.0, 157.0, 157.0, 156.0, 156.0, 154.0, 151.0, 151.0, 150.0, 146.0, 146.0, 145.0, 144.0, 144.0, 144.0, 143.0, 143.0, 141.0, 140.0, 140.0, 140.0, 140.0, 138.0, 137.0, 137.0, 135.0, 134.0, 133.0, 132.0, 132.0, 132.0, 132.0, 132.0, 131.0];
u5=[10722.0, 6983.0, 4510.0, 3055.0, 2011.0, 1414.0, 954.0, 720.0, 643.0, 564.0, 475.0, 423.0, 394.0, 384.0, 362.0, 347.0, 332.0, 318.0, 306.0, 296.0, 290.0, 285.0, 285.0, 273.0, 269.0, 266.0, 254.0, 251.0, 248.0, 246.0, 245.0, 243.0, 239.0, 233.0, 228.0, 225.0, 222.0, 216.0, 215.0, 215.0, 215.0, 214.0, 211.0, 210.0, 207.0, 206.0, 205.0, 204.0, 202.0, 200.0, 199.0, 198.0, 196.0, 194.0, 191.0, 186.0, 184.0, 182.0, 178.0, 177.0, 176.0, 175.0, 174.0, 173.0, 173.0, 171.0, 170.0, 169.0, 169.0, 168.0, 168.0, 167.0, 166.0, 164.0, 164.0, 164.0, 164.0, 163.0, 163.0, 162.0, 160.0, 160.0, 160.0, 160.0, 158.0, 156.0, 156.0, 156.0, 154.0, 153.0, 150.0, 147.0, 146.0, 146.0, 146.0, 144.0, 143.0, 143.0, 142.0];
u6=[11191.0, 7374.0, 4856.0, 3117.0, 2263.0, 1717.0, 1179.0, 884.0, 666.0, 546.0, 486.0, 424.0, 399.0, 369.0, 349.0, 335.0, 324.0, 315.0, 307.0, 299.0, 289.0, 285.0, 276.0, 274.0, 268.0, 263.0, 261.0, 255.0, 253.0, 248.0, 245.0, 244.0, 244.0, 238.0, 233.0, 228.0, 226.0, 223.0, 219.0, 211.0, 209.0, 206.0, 204.0, 204.0, 200.0, 197.0, 194.0, 194.0, 193.0, 188.0, 186.0, 185.0, 184.0, 183.0, 181.0, 178.0, 178.0, 178.0, 177.0, 175.0, 174.0, 173.0, 170.0, 168.0, 168.0, 167.0, 167.0, 166.0, 165.0, 163.0, 161.0, 159.0, 158.0, 157.0, 157.0, 157.0, 155.0, 154.0, 152.0, 152.0, 151.0, 151.0, 150.0, 149.0, 148.0, 148.0, 145.0, 144.0, 143.0, 141.0, 139.0, 138.0, 138.0, 138.0, 138.0, 137.0, 137.0, 136.0, 135.0];
u7=[11485.0, 7331.0, 4712.0, 3120.0, 2075.0, 1351.0, 970.0, 740.0, 644.0, 537.0, 486.0, 453.0, 416.0, 386.0, 371.0, 354.0, 341.0, 325.0, 317.0, 308.0, 300.0, 294.0, 288.0, 271.0, 269.0, 268.0, 262.0, 256.0, 251.0, 248.0, 242.0, 237.0, 233.0, 226.0, 223.0, 219.0, 214.0, 213.0, 212.0, 209.0, 204.0, 203.0, 198.0, 193.0, 191.0, 191.0, 188.0, 186.0, 186.0, 185.0, 184.0, 183.0, 181.0, 177.0, 176.0, 176.0, 174.0, 171.0, 171.0, 169.0, 168.0, 167.0, 167.0, 164.0, 164.0, 162.0, 161.0, 161.0, 160.0, 159.0, 159.0, 157.0, 154.0, 154.0, 152.0, 149.0, 148.0, 145.0, 144.0, 143.0, 143.0, 143.0, 141.0, 141.0, 140.0, 140.0, 139.0, 139.0, 139.0, 138.0, 137.0, 137.0, 136.0, 135.0, 134.0, 134.0, 133.0, 133.0, 132.0];
u8=[11534.0, 7574.0, 5091.0, 3291.0, 2243.0, 1456.0, 1084.0, 819.0, 686.0, 547.0, 447.0, 405.0, 379.0, 357.0, 338.0, 331.0, 318.0, 313.0, 302.0, 296.0, 279.0, 274.0, 273.0, 269.0, 264.0, 254.0, 249.0, 246.0, 239.0, 233.0, 230.0, 229.0, 224.0, 221.0, 215.0, 213.0, 211.0, 209.0, 207.0, 204.0, 204.0, 200.0, 196.0, 196.0, 195.0, 194.0, 192.0, 188.0, 187.0, 186.0, 183.0, 179.0, 179.0, 178.0, 177.0, 177.0, 176.0, 175.0, 174.0, 173.0, 170.0, 169.0, 168.0, 167.0, 163.0, 162.0, 162.0, 161.0, 160.0, 160.0, 160.0, 159.0, 157.0, 155.0, 155.0, 154.0, 154.0, 154.0, 152.0, 149.0, 147.0, 147.0, 147.0, 147.0, 147.0, 147.0, 146.0, 145.0, 144.0, 143.0, 142.0, 141.0, 141.0, 141.0, 139.0, 139.0, 139.0, 139.0, 139.0];
u9=[11328.0, 7328.0, 4737.0, 3223.0, 2185.0, 1544.0, 1122.0, 943.0, 725.0, 602.0, 508.0, 481.0, 434.0, 404.0, 390.0, 360.0, 349.0, 335.0, 322.0, 311.0, 299.0, 290.0, 281.0, 281.0, 274.0, 271.0, 258.0, 250.0, 247.0, 243.0, 240.0, 236.0, 229.0, 228.0, 225.0, 219.0, 219.0, 216.0, 216.0, 215.0, 214.0, 212.0, 210.0, 209.0, 204.0, 200.0, 196.0, 193.0, 193.0, 193.0, 192.0, 191.0, 189.0, 188.0, 186.0, 181.0, 181.0, 181.0, 181.0, 180.0, 178.0, 177.0, 176.0, 174.0, 173.0, 173.0, 171.0, 170.0, 167.0, 167.0, 167.0, 165.0, 164.0, 164.0, 163.0, 163.0, 160.0, 160.0, 159.0, 158.0, 156.0, 155.0, 154.0, 153.0, 153.0, 150.0, 150.0, 144.0, 143.0, 141.0, 141.0, 141.0, 139.0, 139.0, 137.0, 136.0, 136.0, 135.0, 134.0];
u=[u0; u1; u2; u3; u4; u5; u6; u7; u8; u9; ];
vect=100*(1:length(u0));
taille = length(u0);
umean=zeros(taille,1);
uintervalleincertitude = zeros(taille,2);
for i = 1:taille;
			umean(i) = mean(u(:,i));
			nombredeVecteurs=length(u(:,1));
			uincertitude(i) = std(u(:,i))/sqrt(nombredeVecteurs);
			uintervalleincertitude(i,1) = umean(i) + uincertitude(i)*1.96;
			uintervalleincertitude(i,2) = umean(i) - uincertitude(i)*1.96;
			end;
plot(vect(taille/2:taille),uintervalleincertitude(taille/2:taille,:));
hold on;


%---------------------------------------------------------------------
%Benchmark :data/le450_25d.col
clear all;
figure;
title('data/le450_25d.col,  k =[1]'
xlabel('Nombre d iterations');
ylabel('Energie');

%Constante k : 1.0

Facteur : 0.9


%Seed du coloriage : -669314130
%Recuit Simulé Exponentiel avec k l'energie moyenne
%Nombre d'itération : 10000

u0=[11089.0, 7052.0, 4436.0, 3169.0, 2004.0, 1354.0, 931.0, 676.0, 571.0, 501.0, 465.0, 434.0, 417.0, 394.0, 380.0, 354.0, 343.0, 328.0, 318.0, 307.0, 300.0, 294.0, 287.0, 282.0, 276.0, 275.0, 269.0, 259.0, 254.0, 251.0, 249.0, 244.0, 241.0, 239.0, 234.0, 233.0, 229.0, 227.0, 222.0, 220.0, 217.0, 213.0, 209.0, 209.0, 206.0, 205.0, 202.0, 201.0, 196.0, 191.0, 190.0, 188.0, 182.0, 180.0, 176.0, 176.0, 171.0, 167.0, 166.0, 165.0, 163.0, 163.0, 162.0, 161.0, 161.0, 160.0, 160.0, 160.0, 159.0, 156.0, 156.0, 155.0, 155.0, 155.0, 153.0, 153.0, 153.0, 150.0, 149.0, 148.0, 148.0, 147.0, 146.0, 146.0, 144.0, 144.0, 144.0, 144.0, 143.0, 143.0, 143.0, 142.0, 141.0, 139.0, 139.0, 138.0, 138.0, 138.0, 138.0];
u1=[11140.0, 6881.0, 4342.0, 2978.0, 2077.0, 1323.0, 1039.0, 807.0, 660.0, 547.0, 480.0, 430.0, 397.0, 379.0, 359.0, 357.0, 346.0, 338.0, 325.0, 314.0, 306.0, 303.0, 298.0, 294.0, 287.0, 284.0, 278.0, 271.0, 263.0, 259.0, 256.0, 255.0, 251.0, 248.0, 243.0, 241.0, 238.0, 237.0, 232.0, 229.0, 229.0, 223.0, 217.0, 215.0, 212.0, 211.0, 205.0, 204.0, 203.0, 203.0, 198.0, 198.0, 196.0, 193.0, 192.0, 188.0, 183.0, 183.0, 183.0, 180.0, 180.0, 180.0, 180.0, 178.0, 176.0, 173.0, 173.0, 171.0, 170.0, 168.0, 168.0, 168.0, 167.0, 167.0, 167.0, 165.0, 164.0, 163.0, 162.0, 162.0, 162.0, 162.0, 162.0, 161.0, 160.0, 159.0, 159.0, 159.0, 158.0, 157.0, 153.0, 152.0, 151.0, 151.0, 149.0, 148.0, 143.0, 142.0, 141.0];
u2=[11151.0, 7291.0, 4841.0, 3265.0, 2143.0, 1398.0, 1017.0, 865.0, 712.0, 577.0, 507.0, 474.0, 439.0, 412.0, 390.0, 369.0, 358.0, 341.0, 327.0, 314.0, 302.0, 293.0, 289.0, 288.0, 279.0, 275.0, 271.0, 266.0, 263.0, 256.0, 255.0, 250.0, 246.0, 241.0, 239.0, 239.0, 235.0, 235.0, 231.0, 228.0, 226.0, 225.0, 223.0, 220.0, 217.0, 213.0, 208.0, 204.0, 197.0, 195.0, 194.0, 193.0, 191.0, 191.0, 191.0, 189.0, 189.0, 188.0, 187.0, 182.0, 180.0, 177.0, 176.0, 175.0, 170.0, 169.0, 168.0, 167.0, 162.0, 161.0, 160.0, 159.0, 157.0, 154.0, 153.0, 151.0, 147.0, 147.0, 146.0, 146.0, 146.0, 145.0, 145.0, 142.0, 140.0, 139.0, 139.0, 139.0, 136.0, 136.0, 136.0, 136.0, 135.0, 135.0, 135.0, 134.0, 132.0, 132.0, 132.0];
u3=[11331.0, 7367.0, 4955.0, 2920.0, 2019.0, 1322.0, 890.0, 650.0, 536.0, 466.0, 425.0, 399.0, 387.0, 368.0, 355.0, 336.0, 328.0, 311.0, 302.0, 294.0, 285.0, 276.0, 267.0, 261.0, 254.0, 250.0, 245.0, 239.0, 235.0, 229.0, 221.0, 219.0, 219.0, 215.0, 210.0, 207.0, 200.0, 200.0, 197.0, 196.0, 194.0, 193.0, 192.0, 191.0, 191.0, 189.0, 186.0, 182.0, 177.0, 176.0, 175.0, 174.0, 171.0, 169.0, 168.0, 167.0, 167.0, 165.0, 165.0, 163.0, 161.0, 160.0, 159.0, 158.0, 158.0, 156.0, 155.0, 153.0, 153.0, 153.0, 152.0, 152.0, 152.0, 152.0, 152.0, 150.0, 149.0, 149.0, 148.0, 147.0, 146.0, 146.0, 145.0, 145.0, 145.0, 145.0, 145.0, 145.0, 145.0, 143.0, 143.0, 143.0, 140.0, 140.0, 140.0, 139.0, 138.0, 138.0, 138.0];
u4=[11075.0, 7155.0, 4428.0, 2929.0, 1947.0, 1312.0, 1015.0, 804.0, 699.0, 598.0, 510.0, 473.0, 426.0, 401.0, 373.0, 358.0, 342.0, 330.0, 317.0, 312.0, 305.0, 300.0, 293.0, 286.0, 281.0, 274.0, 271.0, 260.0, 251.0, 246.0, 244.0, 243.0, 234.0, 230.0, 229.0, 223.0, 220.0, 215.0, 214.0, 211.0, 208.0, 206.0, 201.0, 200.0, 200.0, 198.0, 194.0, 194.0, 191.0, 188.0, 184.0, 181.0, 181.0, 179.0, 176.0, 175.0, 173.0, 171.0, 170.0, 169.0, 166.0, 162.0, 161.0, 160.0, 157.0, 156.0, 154.0, 153.0, 151.0, 150.0, 150.0, 149.0, 149.0, 149.0, 149.0, 148.0, 148.0, 148.0, 147.0, 146.0, 146.0, 146.0, 145.0, 144.0, 142.0, 141.0, 140.0, 140.0, 140.0, 140.0, 140.0, 139.0, 139.0, 138.0, 138.0, 137.0, 137.0, 136.0, 135.0];
u5=[10782.0, 7130.0, 4642.0, 2773.0, 1927.0, 1281.0, 941.0, 765.0, 666.0, 586.0, 519.0, 466.0, 416.0, 395.0, 380.0, 369.0, 339.0, 328.0, 315.0, 304.0, 299.0, 287.0, 284.0, 269.0, 265.0, 259.0, 253.0, 248.0, 243.0, 232.0, 230.0, 226.0, 224.0, 219.0, 217.0, 217.0, 215.0, 213.0, 211.0, 210.0, 210.0, 208.0, 204.0, 204.0, 203.0, 201.0, 201.0, 200.0, 197.0, 191.0, 190.0, 189.0, 187.0, 183.0, 182.0, 182.0, 181.0, 178.0, 178.0, 174.0, 172.0, 170.0, 168.0, 168.0, 166.0, 165.0, 165.0, 164.0, 160.0, 159.0, 158.0, 155.0, 155.0, 154.0, 153.0, 151.0, 149.0, 148.0, 145.0, 144.0, 143.0, 143.0, 143.0, 142.0, 139.0, 139.0, 138.0, 138.0, 137.0, 133.0, 133.0, 132.0, 131.0, 131.0, 131.0, 130.0, 130.0, 130.0, 130.0];
u6=[11500.0, 7309.0, 5112.0, 3427.0, 2090.0, 1401.0, 1048.0, 766.0, 596.0, 508.0, 466.0, 431.0, 410.0, 383.0, 367.0, 352.0, 345.0, 335.0, 317.0, 308.0, 298.0, 290.0, 283.0, 277.0, 268.0, 260.0, 255.0, 250.0, 244.0, 242.0, 237.0, 228.0, 227.0, 226.0, 220.0, 218.0, 213.0, 212.0, 211.0, 211.0, 207.0, 206.0, 202.0, 199.0, 195.0, 190.0, 187.0, 186.0, 184.0, 181.0, 180.0, 179.0, 176.0, 172.0, 169.0, 169.0, 167.0, 167.0, 163.0, 162.0, 159.0, 159.0, 156.0, 154.0, 151.0, 151.0, 147.0, 147.0, 145.0, 143.0, 143.0, 141.0, 138.0, 137.0, 135.0, 135.0, 135.0, 135.0, 135.0, 133.0, 133.0, 132.0, 131.0, 129.0, 128.0, 128.0, 128.0, 128.0, 126.0, 126.0, 126.0, 126.0, 125.0, 125.0, 125.0, 124.0, 124.0, 122.0, 121.0];
u7=[11285.0, 7014.0, 4946.0, 3209.0, 2307.0, 1689.0, 1202.0, 872.0, 725.0, 596.0, 503.0, 450.0, 411.0, 388.0, 365.0, 355.0, 338.0, 329.0, 317.0, 304.0, 289.0, 282.0, 269.0, 266.0, 260.0, 257.0, 253.0, 248.0, 246.0, 238.0, 234.0, 231.0, 227.0, 221.0, 219.0, 217.0, 211.0, 210.0, 207.0, 207.0, 204.0, 201.0, 198.0, 194.0, 191.0, 188.0, 186.0, 185.0, 184.0, 182.0, 181.0, 175.0, 171.0, 169.0, 168.0, 167.0, 167.0, 166.0, 163.0, 162.0, 162.0, 162.0, 160.0, 160.0, 158.0, 158.0, 156.0, 156.0, 156.0, 155.0, 152.0, 152.0, 151.0, 150.0, 150.0, 149.0, 148.0, 148.0, 147.0, 146.0, 145.0, 144.0, 143.0, 141.0, 141.0, 141.0, 139.0, 139.0, 139.0, 139.0, 138.0, 137.0, 137.0, 137.0, 137.0, 135.0, 134.0, 134.0, 133.0];
u8=[11174.0, 7329.0, 4691.0, 3005.0, 2043.0, 1470.0, 1159.0, 904.0, 768.0, 618.0, 526.0, 455.0, 411.0, 393.0, 375.0, 362.0, 347.0, 340.0, 332.0, 326.0, 322.0, 316.0, 309.0, 302.0, 294.0, 288.0, 281.0, 276.0, 269.0, 263.0, 255.0, 247.0, 245.0, 241.0, 238.0, 233.0, 228.0, 227.0, 225.0, 219.0, 213.0, 208.0, 207.0, 206.0, 205.0, 203.0, 202.0, 201.0, 200.0, 199.0, 198.0, 193.0, 189.0, 188.0, 188.0, 188.0, 188.0, 184.0, 183.0, 181.0, 181.0, 180.0, 179.0, 179.0, 176.0, 173.0, 170.0, 169.0, 169.0, 169.0, 168.0, 167.0, 166.0, 166.0, 166.0, 166.0, 166.0, 166.0, 166.0, 165.0, 164.0, 164.0, 163.0, 162.0, 162.0, 160.0, 160.0, 159.0, 158.0, 155.0, 153.0, 153.0, 152.0, 151.0, 150.0, 149.0, 149.0, 147.0, 145.0];
u9=[11483.0, 7424.0, 4853.0, 3207.0, 2258.0, 1512.0, 1080.0, 813.0, 673.0, 591.0, 527.0, 465.0, 421.0, 398.0, 376.0, 352.0, 340.0, 323.0, 307.0, 293.0, 278.0, 270.0, 264.0, 261.0, 257.0, 252.0, 248.0, 241.0, 237.0, 233.0, 229.0, 225.0, 221.0, 215.0, 210.0, 209.0, 208.0, 207.0, 207.0, 201.0, 199.0, 198.0, 197.0, 197.0, 196.0, 195.0, 192.0, 192.0, 189.0, 187.0, 186.0, 182.0, 182.0, 179.0, 177.0, 175.0, 173.0, 172.0, 170.0, 169.0, 168.0, 167.0, 166.0, 164.0, 162.0, 162.0, 162.0, 162.0, 160.0, 159.0, 157.0, 156.0, 156.0, 154.0, 153.0, 150.0, 150.0, 149.0, 148.0, 148.0, 145.0, 144.0, 144.0, 142.0, 141.0, 141.0, 141.0, 140.0, 140.0, 140.0, 139.0, 139.0, 136.0, 136.0, 136.0, 136.0, 136.0, 136.0, 136.0];
u=[u0; u1; u2; u3; u4; u5; u6; u7; u8; u9; ];
vect=100*(1:length(u0));
taille = length(u0);
umean=zeros(taille,1);
uintervalleincertitude = zeros(taille,2);
for i = 1:taille;
			umean(i) = mean(u(:,i));
			nombredeVecteurs=length(u(:,1));
			uincertitude(i) = std(u(:,i))/sqrt(nombredeVecteurs);
			uintervalleincertitude(i,1) = umean(i) + uincertitude(i)*1.96;
			uintervalleincertitude(i,2) = umean(i) - uincertitude(i)*1.96;
			end;
plot(vect(taille/2:taille),uintervalleincertitude(taille/2:taille,:));
hold on;
