% Mon avis est que la température ne descend pas assez basse avec le facteur choisi. Je vais
% Tenter une deuxième fois avec le même facteur et deux fois plus de points pour voir l'effet


%Sortie Graphique : 
%Taille Echantillon : 10
%Echantillonnage : 100
%Température de départ : 7000.0
%Température de fin : 0.0


%---------------------------------------------------------------------
%Benchmark :data/le450_25a.col
clear all;
figure;
title('data/le450_25a.col,  k =[1]'
xlabel('Nombre d iterations');
ylabel('Energie');
			%Constante k : 1.0



%Seed du coloriage : -795711997
%Recuit Simulé Exponentiel avec k l'energie moyenne
%Nombre d'itération : 10000

u0=[5526.0, 3753.0, 2605.0, 1853.0, 1217.0, 908.0, 687.0, 542.0, 453.0, 447.0, 409.0, 369.0, 357.0, 325.0, 325.0, 325.0, 325.0, 303.0, 293.0, 293.0, 293.0, 293.0, 293.0, 293.0, 293.0, 293.0, 293.0, 293.0, 293.0, 293.0, 293.0, 293.0, 293.0, 293.0, 293.0, 293.0, 293.0, 293.0, 289.0, 285.0, 285.0, 280.0, 280.0, 280.0, 279.0, 279.0, 279.0, 272.0, 272.0, 272.0, 262.0, 219.0, 196.0, 186.0, 168.0, 149.0, 142.0, 132.0, 123.0, 109.0, 105.0, 100.0, 88.0, 87.0, 85.0, 80.0, 76.0, 72.0, 72.0, 69.0, 68.0, 68.0, 67.0, 66.0, 64.0, 60.0, 58.0, 58.0, 57.0, 57.0, 53.0, 50.0, 50.0, 47.0, 46.0, 46.0, 45.0, 45.0, 44.0, 44.0, 43.0, 42.0, 42.0, 42.0, 42.0, 42.0, 41.0, 41.0, 41.0];
u1=[5541.0, 3513.0, 2322.0, 1563.0, 1031.0, 833.0, 643.0, 535.0, 423.0, 365.0, 364.0, 351.0, 351.0, 319.0, 316.0, 306.0, 306.0, 306.0, 306.0, 306.0, 306.0, 306.0, 306.0, 306.0, 306.0, 306.0, 306.0, 306.0, 306.0, 306.0, 306.0, 306.0, 295.0, 295.0, 295.0, 295.0, 295.0, 295.0, 295.0, 295.0, 295.0, 295.0, 295.0, 295.0, 291.0, 291.0, 291.0, 277.0, 250.0, 250.0, 239.0, 224.0, 216.0, 205.0, 188.0, 171.0, 150.0, 138.0, 131.0, 119.0, 113.0, 107.0, 102.0, 99.0, 93.0, 89.0, 83.0, 80.0, 77.0, 74.0, 67.0, 64.0, 63.0, 62.0, 61.0, 58.0, 57.0, 57.0, 56.0, 55.0, 53.0, 51.0, 51.0, 48.0, 48.0, 48.0, 47.0, 46.0, 45.0, 44.0, 44.0, 44.0, 42.0, 40.0, 40.0, 38.0, 37.0, 36.0, 36.0];
u2=[5369.0, 3394.0, 2355.0, 1587.0, 1199.0, 927.0, 774.0, 576.0, 500.0, 481.0, 410.0, 410.0, 384.0, 371.0, 371.0, 366.0, 359.0, 352.0, 320.0, 320.0, 320.0, 320.0, 320.0, 320.0, 320.0, 320.0, 320.0, 317.0, 317.0, 307.0, 307.0, 307.0, 307.0, 307.0, 307.0, 307.0, 307.0, 307.0, 300.0, 300.0, 300.0, 283.0, 283.0, 273.0, 273.0, 273.0, 273.0, 261.0, 238.0, 227.0, 227.0, 209.0, 196.0, 173.0, 150.0, 149.0, 136.0, 127.0, 117.0, 108.0, 101.0, 94.0, 90.0, 84.0, 81.0, 77.0, 76.0, 73.0, 69.0, 66.0, 64.0, 64.0, 64.0, 62.0, 62.0, 61.0, 60.0, 59.0, 58.0, 58.0, 55.0, 54.0, 53.0, 52.0, 52.0, 48.0, 47.0, 43.0, 42.0, 40.0, 39.0, 39.0, 38.0, 38.0, 37.0, 37.0, 37.0, 36.0, 36.0];
u3=[5248.0, 3247.0, 2184.0, 1573.0, 1171.0, 810.0, 568.0, 483.0, 454.0, 404.0, 373.0, 347.0, 335.0, 335.0, 315.0, 312.0, 312.0, 312.0, 312.0, 312.0, 312.0, 312.0, 312.0, 312.0, 312.0, 312.0, 312.0, 312.0, 305.0, 305.0, 299.0, 298.0, 294.0, 293.0, 293.0, 292.0, 292.0, 292.0, 292.0, 292.0, 292.0, 292.0, 292.0, 292.0, 292.0, 292.0, 292.0, 292.0, 288.0, 274.0, 271.0, 248.0, 219.0, 206.0, 187.0, 176.0, 163.0, 145.0, 129.0, 124.0, 118.0, 109.0, 106.0, 99.0, 95.0, 91.0, 88.0, 83.0, 78.0, 77.0, 74.0, 69.0, 67.0, 67.0, 66.0, 63.0, 63.0, 62.0, 61.0, 60.0, 58.0, 55.0, 53.0, 52.0, 50.0, 48.0, 47.0, 47.0, 47.0, 45.0, 45.0, 43.0, 43.0, 43.0, 43.0, 43.0, 42.0, 42.0, 42.0];
u4=[4891.0, 3265.0, 2136.0, 1479.0, 1160.0, 803.0, 650.0, 516.0, 446.0, 389.0, 365.0, 348.0, 331.0, 329.0, 310.0, 310.0, 310.0, 310.0, 310.0, 310.0, 305.0, 300.0, 282.0, 282.0, 282.0, 282.0, 282.0, 282.0, 282.0, 282.0, 282.0, 282.0, 282.0, 282.0, 282.0, 282.0, 282.0, 282.0, 282.0, 282.0, 282.0, 282.0, 282.0, 279.0, 278.0, 278.0, 278.0, 278.0, 278.0, 263.0, 254.0, 236.0, 230.0, 199.0, 170.0, 154.0, 144.0, 134.0, 123.0, 112.0, 107.0, 102.0, 96.0, 95.0, 90.0, 84.0, 83.0, 79.0, 76.0, 73.0, 72.0, 67.0, 63.0, 60.0, 58.0, 57.0, 56.0, 54.0, 53.0, 51.0, 48.0, 47.0, 46.0, 45.0, 45.0, 45.0, 44.0, 44.0, 43.0, 42.0, 41.0, 41.0, 41.0, 41.0, 40.0, 40.0, 40.0, 39.0, 38.0];
u5=[5511.0, 3738.0, 2649.0, 1834.0, 1248.0, 782.0, 651.0, 491.0, 394.0, 359.0, 334.0, 312.0, 304.0, 304.0, 304.0, 304.0, 304.0, 304.0, 304.0, 304.0, 304.0, 304.0, 304.0, 304.0, 304.0, 304.0, 304.0, 304.0, 304.0, 302.0, 302.0, 300.0, 300.0, 300.0, 300.0, 300.0, 300.0, 299.0, 297.0, 297.0, 297.0, 297.0, 297.0, 297.0, 297.0, 297.0, 297.0, 297.0, 297.0, 291.0, 275.0, 261.0, 242.0, 211.0, 187.0, 169.0, 157.0, 149.0, 140.0, 132.0, 123.0, 114.0, 109.0, 102.0, 97.0, 92.0, 88.0, 86.0, 80.0, 74.0, 72.0, 70.0, 69.0, 68.0, 68.0, 66.0, 64.0, 63.0, 63.0, 62.0, 60.0, 60.0, 60.0, 58.0, 57.0, 56.0, 56.0, 54.0, 53.0, 53.0, 50.0, 49.0, 47.0, 47.0, 47.0, 47.0, 46.0, 46.0, 43.0];
u6=[5380.0, 3317.0, 2208.0, 1490.0, 1138.0, 779.0, 607.0, 433.0, 369.0, 325.0, 315.0, 314.0, 312.0, 312.0, 312.0, 312.0, 312.0, 312.0, 312.0, 312.0, 312.0, 312.0, 312.0, 312.0, 312.0, 312.0, 312.0, 308.0, 304.0, 304.0, 304.0, 304.0, 304.0, 304.0, 304.0, 304.0, 304.0, 304.0, 304.0, 304.0, 304.0, 304.0, 304.0, 304.0, 300.0, 300.0, 293.0, 292.0, 279.0, 257.0, 250.0, 243.0, 219.0, 207.0, 194.0, 178.0, 169.0, 151.0, 147.0, 138.0, 129.0, 119.0, 117.0, 110.0, 103.0, 97.0, 92.0, 91.0, 90.0, 89.0, 86.0, 82.0, 80.0, 77.0, 75.0, 70.0, 70.0, 67.0, 66.0, 66.0, 62.0, 61.0, 57.0, 57.0, 55.0, 53.0, 53.0, 51.0, 50.0, 48.0, 48.0, 45.0, 43.0, 43.0, 42.0, 41.0, 41.0, 41.0, 41.0];
u7=[5557.0, 3533.0, 2344.0, 1697.0, 1155.0, 712.0, 543.0, 441.0, 393.0, 345.0, 338.0, 317.0, 315.0, 315.0, 300.0, 300.0, 300.0, 300.0, 300.0, 300.0, 300.0, 300.0, 300.0, 300.0, 300.0, 300.0, 300.0, 300.0, 300.0, 300.0, 300.0, 300.0, 300.0, 300.0, 300.0, 300.0, 300.0, 300.0, 300.0, 300.0, 300.0, 300.0, 300.0, 300.0, 300.0, 300.0, 290.0, 283.0, 271.0, 271.0, 271.0, 245.0, 233.0, 216.0, 199.0, 175.0, 160.0, 143.0, 133.0, 122.0, 117.0, 109.0, 100.0, 96.0, 88.0, 82.0, 77.0, 74.0, 72.0, 68.0, 65.0, 65.0, 61.0, 61.0, 60.0, 60.0, 60.0, 57.0, 57.0, 57.0, 56.0, 56.0, 55.0, 55.0, 54.0, 52.0, 49.0, 48.0, 47.0, 45.0, 45.0, 45.0, 45.0, 42.0, 42.0, 42.0, 41.0, 40.0, 40.0];
u8=[5390.0, 3697.0, 2430.0, 1569.0, 962.0, 716.0, 564.0, 463.0, 411.0, 348.0, 333.0, 307.0, 296.0, 296.0, 296.0, 296.0, 296.0, 296.0, 296.0, 296.0, 296.0, 296.0, 296.0, 296.0, 296.0, 296.0, 296.0, 289.0, 289.0, 289.0, 289.0, 289.0, 289.0, 289.0, 289.0, 289.0, 289.0, 289.0, 289.0, 289.0, 289.0, 289.0, 289.0, 289.0, 289.0, 285.0, 284.0, 276.0, 263.0, 236.0, 233.0, 227.0, 206.0, 195.0, 173.0, 161.0, 148.0, 133.0, 125.0, 113.0, 108.0, 104.0, 95.0, 87.0, 84.0, 79.0, 77.0, 76.0, 73.0, 72.0, 69.0, 68.0, 66.0, 63.0, 61.0, 59.0, 58.0, 58.0, 57.0, 56.0, 55.0, 52.0, 50.0, 49.0, 46.0, 46.0, 44.0, 42.0, 39.0, 38.0, 38.0, 37.0, 36.0, 36.0, 35.0, 35.0, 34.0, 33.0, 33.0];
u9=[5374.0, 3184.0, 1983.0, 1443.0, 1036.0, 784.0, 601.0, 420.0, 386.0, 353.0, 345.0, 332.0, 321.0, 309.0, 307.0, 307.0, 307.0, 307.0, 307.0, 307.0, 307.0, 307.0, 307.0, 307.0, 307.0, 284.0, 284.0, 284.0, 284.0, 284.0, 284.0, 284.0, 284.0, 284.0, 284.0, 284.0, 284.0, 284.0, 284.0, 284.0, 284.0, 284.0, 284.0, 284.0, 279.0, 279.0, 279.0, 274.0, 274.0, 274.0, 258.0, 233.0, 209.0, 188.0, 168.0, 159.0, 145.0, 134.0, 125.0, 117.0, 114.0, 101.0, 95.0, 89.0, 85.0, 83.0, 79.0, 75.0, 73.0, 70.0, 67.0, 65.0, 61.0, 60.0, 59.0, 58.0, 56.0, 56.0, 55.0, 53.0, 52.0, 51.0, 50.0, 48.0, 47.0, 46.0, 46.0, 45.0, 44.0, 44.0, 44.0, 42.0, 42.0, 41.0, 37.0, 37.0, 37.0, 37.0, 37.0];
u=[u0; u1; u2; u3; u4; u5; u6; u7; u8; u9; ];
vect=100*(1:length(u0));
taille = length(u0);
umean=zeros(taille,1);
uintervalleincertitude = zeros(taille,2);
for i = 1:taille;
			umean(i) = mean(u(:,i));
			nombredeVecteurs=length(u(:,1));
			uincertitude(i) = std(u(:,i))/sqrt(nombredeVecteurs);
			uintervalleincertitude(i,1) = umean(i) + uincertitude(i)*1.96;
			uintervalleincertitude(i,2) = umean(i) - uincertitude(i)*1.96;
			end;
plot(vect(taille/2:taille),uintervalleincertitude(taille/2:taille,:));
hold on;


%---------------------------------------------------------------------
%Benchmark :data/le450_25b.col
clear all;
figure;
title('data/le450_25b.col,  k =[1]'
xlabel('Nombre d iterations');
ylabel('Energie');
			%Constante k : 1.0



%Seed du coloriage : -444211829
%Recuit Simulé Exponentiel avec k l'energie moyenne
%Nombre d'itération : 10000

u0=[5502.0, 3678.0, 2512.0, 1644.0, 1085.0, 850.0, 711.0, 570.0, 473.0, 401.0, 376.0, 371.0, 348.0, 332.0, 323.0, 323.0, 323.0, 323.0, 305.0, 298.0, 298.0, 298.0, 292.0, 292.0, 292.0, 291.0, 291.0, 291.0, 290.0, 290.0, 290.0, 290.0, 290.0, 290.0, 290.0, 290.0, 290.0, 290.0, 290.0, 290.0, 290.0, 290.0, 290.0, 290.0, 290.0, 290.0, 290.0, 282.0, 262.0, 251.0, 251.0, 244.0, 215.0, 203.0, 184.0, 167.0, 157.0, 150.0, 142.0, 132.0, 125.0, 117.0, 112.0, 105.0, 101.0, 96.0, 95.0, 89.0, 85.0, 78.0, 75.0, 69.0, 66.0, 64.0, 61.0, 61.0, 60.0, 59.0, 59.0, 57.0, 55.0, 55.0, 55.0, 52.0, 51.0, 49.0, 48.0, 47.0, 45.0, 44.0, 44.0, 42.0, 41.0, 40.0, 40.0, 38.0, 38.0, 35.0, 34.0];
u1=[5440.0, 3558.0, 2187.0, 1587.0, 1146.0, 830.0, 607.0, 523.0, 476.0, 422.0, 380.0, 380.0, 361.0, 339.0, 328.0, 318.0, 303.0, 297.0, 297.0, 297.0, 297.0, 297.0, 297.0, 297.0, 297.0, 297.0, 297.0, 297.0, 297.0, 277.0, 276.0, 276.0, 276.0, 276.0, 276.0, 276.0, 276.0, 276.0, 276.0, 276.0, 276.0, 276.0, 276.0, 276.0, 276.0, 276.0, 276.0, 276.0, 276.0, 273.0, 259.0, 238.0, 217.0, 193.0, 167.0, 154.0, 142.0, 136.0, 123.0, 108.0, 101.0, 96.0, 92.0, 88.0, 82.0, 79.0, 76.0, 72.0, 72.0, 70.0, 70.0, 68.0, 68.0, 67.0, 65.0, 60.0, 60.0, 57.0, 56.0, 55.0, 54.0, 53.0, 53.0, 52.0, 52.0, 52.0, 52.0, 49.0, 48.0, 48.0, 47.0, 47.0, 46.0, 43.0, 42.0, 41.0, 41.0, 41.0, 40.0];
u2=[5276.0, 3405.0, 2402.0, 1715.0, 1242.0, 878.0, 674.0, 615.0, 480.0, 434.0, 386.0, 369.0, 347.0, 347.0, 335.0, 327.0, 310.0, 310.0, 310.0, 310.0, 307.0, 307.0, 307.0, 307.0, 307.0, 307.0, 307.0, 307.0, 307.0, 307.0, 307.0, 307.0, 307.0, 298.0, 296.0, 291.0, 289.0, 289.0, 289.0, 289.0, 289.0, 289.0, 289.0, 289.0, 289.0, 289.0, 289.0, 289.0, 276.0, 256.0, 228.0, 210.0, 184.0, 172.0, 157.0, 148.0, 137.0, 124.0, 119.0, 115.0, 104.0, 97.0, 95.0, 90.0, 87.0, 81.0, 79.0, 77.0, 72.0, 71.0, 68.0, 66.0, 65.0, 57.0, 53.0, 51.0, 50.0, 50.0, 50.0, 50.0, 49.0, 49.0, 48.0, 46.0, 44.0, 44.0, 43.0, 43.0, 42.0, 42.0, 40.0, 40.0, 40.0, 39.0, 37.0, 36.0, 35.0, 34.0, 33.0];
u3=[5432.0, 3706.0, 2462.0, 1437.0, 999.0, 786.0, 582.0, 491.0, 464.0, 415.0, 367.0, 362.0, 351.0, 335.0, 333.0, 331.0, 331.0, 315.0, 295.0, 285.0, 285.0, 285.0, 285.0, 285.0, 285.0, 285.0, 285.0, 285.0, 285.0, 285.0, 285.0, 285.0, 285.0, 285.0, 285.0, 285.0, 285.0, 285.0, 285.0, 285.0, 285.0, 285.0, 285.0, 285.0, 285.0, 285.0, 285.0, 285.0, 285.0, 285.0, 283.0, 272.0, 244.0, 225.0, 213.0, 176.0, 163.0, 152.0, 131.0, 128.0, 124.0, 116.0, 106.0, 103.0, 98.0, 96.0, 93.0, 89.0, 80.0, 78.0, 75.0, 72.0, 71.0, 70.0, 67.0, 64.0, 64.0, 60.0, 59.0, 58.0, 57.0, 54.0, 53.0, 52.0, 52.0, 51.0, 48.0, 47.0, 45.0, 44.0, 43.0, 42.0, 41.0, 41.0, 41.0, 41.0, 41.0, 39.0, 38.0];
u4=[5304.0, 3462.0, 2364.0, 1731.0, 1223.0, 774.0, 655.0, 518.0, 453.0, 422.0, 386.0, 386.0, 377.0, 373.0, 354.0, 344.0, 332.0, 324.0, 311.0, 308.0, 308.0, 308.0, 297.0, 290.0, 290.0, 290.0, 290.0, 290.0, 290.0, 290.0, 287.0, 281.0, 281.0, 281.0, 281.0, 281.0, 281.0, 281.0, 281.0, 281.0, 281.0, 281.0, 281.0, 281.0, 281.0, 279.0, 275.0, 263.0, 254.0, 243.0, 231.0, 213.0, 191.0, 176.0, 164.0, 149.0, 138.0, 132.0, 127.0, 116.0, 110.0, 106.0, 97.0, 93.0, 91.0, 86.0, 85.0, 83.0, 79.0, 77.0, 72.0, 71.0, 69.0, 65.0, 63.0, 62.0, 61.0, 59.0, 59.0, 59.0, 57.0, 55.0, 54.0, 52.0, 51.0, 48.0, 47.0, 46.0, 45.0, 45.0, 44.0, 44.0, 43.0, 43.0, 41.0, 39.0, 39.0, 35.0, 35.0];
u5=[5253.0, 3299.0, 2052.0, 1515.0, 1044.0, 762.0, 567.0, 468.0, 418.0, 396.0, 336.0, 314.0, 314.0, 314.0, 310.0, 310.0, 310.0, 310.0, 310.0, 310.0, 308.0, 291.0, 291.0, 291.0, 291.0, 291.0, 291.0, 291.0, 291.0, 291.0, 291.0, 291.0, 291.0, 291.0, 291.0, 291.0, 291.0, 291.0, 291.0, 291.0, 291.0, 291.0, 291.0, 272.0, 272.0, 272.0, 272.0, 255.0, 237.0, 226.0, 209.0, 198.0, 179.0, 162.0, 148.0, 142.0, 139.0, 134.0, 127.0, 121.0, 117.0, 113.0, 104.0, 95.0, 90.0, 88.0, 84.0, 81.0, 79.0, 77.0, 74.0, 71.0, 69.0, 67.0, 66.0, 64.0, 62.0, 61.0, 59.0, 55.0, 52.0, 49.0, 47.0, 46.0, 44.0, 42.0, 42.0, 41.0, 39.0, 39.0, 39.0, 39.0, 36.0, 36.0, 34.0, 33.0, 33.0, 33.0, 33.0];
u6=[5003.0, 3251.0, 2155.0, 1528.0, 1088.0, 850.0, 652.0, 511.0, 406.0, 360.0, 360.0, 342.0, 342.0, 342.0, 342.0, 342.0, 342.0, 334.0, 334.0, 331.0, 325.0, 325.0, 315.0, 315.0, 315.0, 315.0, 315.0, 315.0, 315.0, 315.0, 308.0, 294.0, 294.0, 294.0, 291.0, 291.0, 291.0, 291.0, 291.0, 291.0, 291.0, 291.0, 291.0, 281.0, 281.0, 281.0, 281.0, 276.0, 271.0, 259.0, 227.0, 210.0, 198.0, 180.0, 167.0, 150.0, 142.0, 133.0, 121.0, 112.0, 108.0, 101.0, 96.0, 90.0, 81.0, 78.0, 76.0, 74.0, 71.0, 67.0, 63.0, 61.0, 58.0, 55.0, 54.0, 53.0, 52.0, 52.0, 51.0, 49.0, 47.0, 45.0, 45.0, 44.0, 43.0, 43.0, 43.0, 43.0, 42.0, 41.0, 41.0, 40.0, 38.0, 38.0, 38.0, 38.0, 38.0, 38.0, 37.0];
u7=[5198.0, 3228.0, 2083.0, 1430.0, 1063.0, 800.0, 660.0, 564.0, 486.0, 399.0, 387.0, 362.0, 354.0, 354.0, 348.0, 348.0, 347.0, 325.0, 315.0, 306.0, 305.0, 305.0, 305.0, 305.0, 305.0, 305.0, 305.0, 305.0, 305.0, 305.0, 305.0, 299.0, 299.0, 299.0, 299.0, 299.0, 299.0, 299.0, 299.0, 299.0, 299.0, 299.0, 299.0, 299.0, 299.0, 299.0, 299.0, 296.0, 280.0, 256.0, 243.0, 219.0, 189.0, 183.0, 169.0, 152.0, 140.0, 126.0, 116.0, 109.0, 104.0, 98.0, 92.0, 88.0, 85.0, 83.0, 80.0, 77.0, 76.0, 75.0, 71.0, 69.0, 68.0, 67.0, 63.0, 60.0, 59.0, 57.0, 57.0, 54.0, 51.0, 51.0, 51.0, 51.0, 49.0, 48.0, 46.0, 45.0, 43.0, 41.0, 41.0, 41.0, 41.0, 41.0, 40.0, 40.0, 39.0, 37.0, 35.0];
u8=[5351.0, 3603.0, 2218.0, 1542.0, 1175.0, 859.0, 604.0, 515.0, 496.0, 375.0, 342.0, 342.0, 325.0, 315.0, 314.0, 314.0, 314.0, 314.0, 309.0, 300.0, 294.0, 294.0, 294.0, 285.0, 285.0, 285.0, 285.0, 285.0, 285.0, 285.0, 285.0, 285.0, 285.0, 285.0, 285.0, 285.0, 285.0, 285.0, 285.0, 285.0, 285.0, 285.0, 285.0, 285.0, 285.0, 285.0, 285.0, 285.0, 285.0, 284.0, 256.0, 243.0, 212.0, 191.0, 180.0, 157.0, 144.0, 131.0, 124.0, 119.0, 112.0, 108.0, 100.0, 93.0, 90.0, 87.0, 84.0, 82.0, 80.0, 77.0, 74.0, 68.0, 68.0, 66.0, 63.0, 61.0, 61.0, 61.0, 60.0, 59.0, 59.0, 57.0, 54.0, 53.0, 51.0, 50.0, 47.0, 47.0, 46.0, 45.0, 43.0, 41.0, 39.0, 39.0, 39.0, 38.0, 38.0, 37.0, 36.0];
u9=[5312.0, 3314.0, 2001.0, 1422.0, 1024.0, 802.0, 653.0, 531.0, 439.0, 408.0, 367.0, 324.0, 324.0, 324.0, 301.0, 301.0, 301.0, 301.0, 301.0, 301.0, 301.0, 301.0, 301.0, 301.0, 301.0, 301.0, 301.0, 301.0, 301.0, 301.0, 301.0, 301.0, 301.0, 301.0, 301.0, 301.0, 301.0, 301.0, 301.0, 301.0, 301.0, 301.0, 301.0, 301.0, 301.0, 301.0, 301.0, 301.0, 281.0, 257.0, 242.0, 235.0, 216.0, 194.0, 181.0, 155.0, 141.0, 133.0, 124.0, 117.0, 114.0, 111.0, 101.0, 96.0, 92.0, 89.0, 87.0, 82.0, 77.0, 73.0, 68.0, 67.0, 64.0, 58.0, 56.0, 54.0, 54.0, 52.0, 52.0, 50.0, 45.0, 44.0, 42.0, 41.0, 41.0, 40.0, 39.0, 38.0, 37.0, 36.0, 36.0, 36.0, 33.0, 32.0, 32.0, 32.0, 31.0, 30.0, 30.0];
u=[u0; u1; u2; u3; u4; u5; u6; u7; u8; u9; ];
vect=100*(1:length(u0));
taille = length(u0);
umean=zeros(taille,1);
uintervalleincertitude = zeros(taille,2);
for i = 1:taille;
			umean(i) = mean(u(:,i));
			nombredeVecteurs=length(u(:,1));
			uincertitude(i) = std(u(:,i))/sqrt(nombredeVecteurs);
			uintervalleincertitude(i,1) = umean(i) + uincertitude(i)*1.96;
			uintervalleincertitude(i,2) = umean(i) - uincertitude(i)*1.96;
			end;
plot(vect(taille/2:taille),uintervalleincertitude(taille/2:taille,:));
hold on;


%---------------------------------------------------------------------
%Benchmark :data/le450_25c.col
clear all;
figure;
title('data/le450_25c.col,  k =[1]'
xlabel('Nombre d iterations');
ylabel('Energie');
			%Constante k : 1.0



%Seed du coloriage : -159578919
%Recuit Simulé Exponentiel avec k l'energie moyenne
%Nombre d'itération : 10000

u0=[10990.0, 6866.0, 4366.0, 2858.0, 1921.0, 1513.0, 1162.0, 1030.0, 929.0, 798.0, 730.0, 710.0, 685.0, 682.0, 682.0, 669.0, 666.0, 666.0, 666.0, 641.0, 641.0, 641.0, 641.0, 641.0, 641.0, 641.0, 641.0, 641.0, 641.0, 641.0, 641.0, 641.0, 641.0, 641.0, 641.0, 641.0, 641.0, 641.0, 641.0, 641.0, 641.0, 641.0, 641.0, 641.0, 641.0, 640.0, 632.0, 632.0, 629.0, 604.0, 598.0, 554.0, 536.0, 508.0, 469.0, 430.0, 417.0, 395.0, 374.0, 370.0, 358.0, 344.0, 332.0, 321.0, 309.0, 300.0, 295.0, 284.0, 277.0, 269.0, 265.0, 258.0, 254.0, 246.0, 244.0, 242.0, 235.0, 231.0, 229.0, 226.0, 222.0, 218.0, 212.0, 209.0, 205.0, 205.0, 202.0, 201.0, 200.0, 197.0, 196.0, 192.0, 190.0, 186.0, 183.0, 183.0, 180.0, 176.0, 175.0];
u1=[10805.0, 6853.0, 4623.0, 3319.0, 2174.0, 1642.0, 1283.0, 1111.0, 921.0, 827.0, 732.0, 696.0, 675.0, 675.0, 675.0, 673.0, 671.0, 671.0, 671.0, 671.0, 671.0, 671.0, 671.0, 671.0, 671.0, 666.0, 664.0, 645.0, 642.0, 642.0, 642.0, 642.0, 642.0, 642.0, 642.0, 642.0, 642.0, 642.0, 642.0, 631.0, 631.0, 631.0, 631.0, 631.0, 631.0, 631.0, 627.0, 620.0, 610.0, 602.0, 574.0, 565.0, 525.0, 490.0, 465.0, 428.0, 403.0, 377.0, 359.0, 341.0, 325.0, 309.0, 303.0, 291.0, 286.0, 274.0, 261.0, 255.0, 251.0, 249.0, 248.0, 244.0, 240.0, 238.0, 229.0, 221.0, 217.0, 216.0, 214.0, 213.0, 210.0, 205.0, 200.0, 199.0, 198.0, 195.0, 195.0, 193.0, 190.0, 190.0, 188.0, 187.0, 182.0, 180.0, 178.0, 178.0, 177.0, 176.0, 176.0];
u2=[11343.0, 7533.0, 5173.0, 3415.0, 2490.0, 1785.0, 1354.0, 1186.0, 958.0, 847.0, 841.0, 776.0, 752.0, 748.0, 704.0, 704.0, 704.0, 704.0, 679.0, 653.0, 650.0, 650.0, 650.0, 650.0, 650.0, 650.0, 650.0, 650.0, 650.0, 650.0, 650.0, 650.0, 650.0, 650.0, 650.0, 650.0, 650.0, 650.0, 650.0, 650.0, 650.0, 650.0, 650.0, 650.0, 650.0, 650.0, 650.0, 648.0, 631.0, 628.0, 619.0, 585.0, 558.0, 526.0, 493.0, 453.0, 421.0, 395.0, 385.0, 374.0, 350.0, 340.0, 331.0, 317.0, 309.0, 299.0, 294.0, 285.0, 274.0, 269.0, 262.0, 261.0, 252.0, 247.0, 243.0, 240.0, 239.0, 235.0, 230.0, 224.0, 218.0, 216.0, 211.0, 208.0, 208.0, 204.0, 204.0, 201.0, 201.0, 199.0, 197.0, 194.0, 188.0, 188.0, 186.0, 184.0, 182.0, 179.0, 176.0];
u3=[11050.0, 7274.0, 4951.0, 3401.0, 2226.0, 1545.0, 1257.0, 1076.0, 941.0, 848.0, 795.0, 764.0, 695.0, 694.0, 674.0, 674.0, 667.0, 649.0, 648.0, 648.0, 648.0, 648.0, 648.0, 648.0, 648.0, 648.0, 648.0, 648.0, 648.0, 648.0, 648.0, 648.0, 648.0, 648.0, 648.0, 648.0, 648.0, 648.0, 648.0, 648.0, 648.0, 648.0, 648.0, 648.0, 648.0, 648.0, 648.0, 648.0, 648.0, 608.0, 585.0, 538.0, 521.0, 497.0, 466.0, 424.0, 402.0, 386.0, 374.0, 355.0, 343.0, 321.0, 313.0, 298.0, 288.0, 279.0, 272.0, 269.0, 263.0, 258.0, 252.0, 245.0, 243.0, 240.0, 238.0, 229.0, 227.0, 225.0, 219.0, 215.0, 212.0, 211.0, 210.0, 208.0, 206.0, 205.0, 202.0, 197.0, 196.0, 190.0, 188.0, 187.0, 180.0, 179.0, 177.0, 176.0, 174.0, 172.0, 171.0];
u4=[11075.0, 7558.0, 4702.0, 3248.0, 2481.0, 1851.0, 1402.0, 1215.0, 1011.0, 874.0, 760.0, 744.0, 712.0, 700.0, 698.0, 677.0, 675.0, 666.0, 666.0, 654.0, 626.0, 626.0, 626.0, 602.0, 602.0, 602.0, 602.0, 602.0, 602.0, 602.0, 602.0, 602.0, 602.0, 602.0, 602.0, 602.0, 602.0, 602.0, 602.0, 602.0, 602.0, 602.0, 602.0, 602.0, 602.0, 602.0, 602.0, 602.0, 581.0, 577.0, 577.0, 577.0, 546.0, 516.0, 481.0, 449.0, 428.0, 417.0, 391.0, 370.0, 354.0, 349.0, 340.0, 334.0, 327.0, 314.0, 304.0, 298.0, 287.0, 283.0, 277.0, 271.0, 267.0, 260.0, 257.0, 253.0, 243.0, 238.0, 233.0, 232.0, 227.0, 223.0, 221.0, 219.0, 216.0, 214.0, 212.0, 201.0, 197.0, 195.0, 192.0, 192.0, 192.0, 187.0, 183.0, 181.0, 180.0, 180.0, 180.0];
u5=[11337.0, 7155.0, 4592.0, 3350.0, 2224.0, 1691.0, 1201.0, 1009.0, 876.0, 821.0, 748.0, 732.0, 728.0, 728.0, 700.0, 689.0, 680.0, 678.0, 661.0, 661.0, 661.0, 661.0, 661.0, 659.0, 659.0, 659.0, 637.0, 637.0, 637.0, 637.0, 637.0, 637.0, 637.0, 637.0, 637.0, 637.0, 637.0, 637.0, 637.0, 637.0, 637.0, 637.0, 637.0, 637.0, 637.0, 637.0, 637.0, 637.0, 620.0, 612.0, 585.0, 550.0, 520.0, 492.0, 462.0, 428.0, 409.0, 392.0, 372.0, 366.0, 348.0, 331.0, 322.0, 312.0, 305.0, 297.0, 292.0, 282.0, 282.0, 278.0, 274.0, 272.0, 264.0, 259.0, 253.0, 245.0, 238.0, 234.0, 229.0, 227.0, 224.0, 221.0, 216.0, 213.0, 206.0, 202.0, 200.0, 200.0, 197.0, 196.0, 194.0, 191.0, 190.0, 188.0, 185.0, 183.0, 181.0, 181.0, 180.0];
u6=[11173.0, 7321.0, 5118.0, 3409.0, 2542.0, 1848.0, 1542.0, 1200.0, 991.0, 880.0, 823.0, 758.0, 727.0, 727.0, 725.0, 719.0, 719.0, 719.0, 719.0, 697.0, 697.0, 697.0, 697.0, 697.0, 697.0, 697.0, 690.0, 690.0, 690.0, 690.0, 690.0, 690.0, 688.0, 684.0, 684.0, 684.0, 684.0, 683.0, 669.0, 660.0, 660.0, 660.0, 660.0, 656.0, 643.0, 629.0, 626.0, 626.0, 626.0, 583.0, 553.0, 542.0, 514.0, 477.0, 456.0, 435.0, 403.0, 389.0, 370.0, 357.0, 347.0, 322.0, 306.0, 300.0, 293.0, 288.0, 283.0, 274.0, 269.0, 259.0, 257.0, 251.0, 250.0, 247.0, 241.0, 236.0, 233.0, 231.0, 228.0, 221.0, 220.0, 216.0, 210.0, 210.0, 209.0, 208.0, 203.0, 199.0, 195.0, 191.0, 189.0, 187.0, 184.0, 184.0, 181.0, 177.0, 174.0, 173.0, 172.0];
u7=[10974.0, 7058.0, 4355.0, 3164.0, 2150.0, 1507.0, 1175.0, 958.0, 810.0, 719.0, 697.0, 664.0, 664.0, 664.0, 664.0, 664.0, 664.0, 664.0, 664.0, 664.0, 664.0, 664.0, 664.0, 663.0, 663.0, 663.0, 663.0, 663.0, 663.0, 663.0, 663.0, 663.0, 663.0, 663.0, 663.0, 663.0, 663.0, 663.0, 663.0, 655.0, 648.0, 648.0, 648.0, 648.0, 648.0, 648.0, 625.0, 588.0, 584.0, 572.0, 556.0, 519.0, 480.0, 460.0, 439.0, 416.0, 398.0, 368.0, 354.0, 344.0, 328.0, 319.0, 312.0, 301.0, 290.0, 286.0, 275.0, 272.0, 272.0, 268.0, 261.0, 257.0, 253.0, 251.0, 248.0, 244.0, 239.0, 235.0, 235.0, 231.0, 224.0, 221.0, 221.0, 217.0, 213.0, 211.0, 207.0, 202.0, 197.0, 193.0, 189.0, 187.0, 182.0, 181.0, 181.0, 181.0, 181.0, 180.0, 178.0];
u8=[11112.0, 7049.0, 4668.0, 2850.0, 1999.0, 1386.0, 997.0, 920.0, 819.0, 730.0, 695.0, 682.0, 682.0, 682.0, 682.0, 682.0, 681.0, 681.0, 681.0, 681.0, 681.0, 681.0, 681.0, 681.0, 676.0, 673.0, 648.0, 648.0, 648.0, 648.0, 648.0, 648.0, 648.0, 648.0, 648.0, 648.0, 648.0, 648.0, 648.0, 648.0, 648.0, 648.0, 648.0, 648.0, 647.0, 625.0, 625.0, 625.0, 625.0, 601.0, 561.0, 521.0, 490.0, 453.0, 412.0, 384.0, 372.0, 358.0, 344.0, 325.0, 309.0, 298.0, 295.0, 281.0, 273.0, 265.0, 260.0, 254.0, 253.0, 250.0, 249.0, 245.0, 242.0, 237.0, 228.0, 226.0, 224.0, 222.0, 221.0, 217.0, 215.0, 215.0, 213.0, 211.0, 210.0, 207.0, 206.0, 203.0, 201.0, 200.0, 198.0, 195.0, 193.0, 191.0, 188.0, 187.0, 186.0, 183.0, 183.0];
u9=[11007.0, 7186.0, 4543.0, 3013.0, 2174.0, 1588.0, 1266.0, 1055.0, 906.0, 827.0, 718.0, 675.0, 647.0, 647.0, 630.0, 630.0, 630.0, 630.0, 630.0, 627.0, 627.0, 627.0, 627.0, 627.0, 627.0, 627.0, 627.0, 627.0, 627.0, 627.0, 627.0, 627.0, 627.0, 627.0, 627.0, 627.0, 627.0, 627.0, 627.0, 627.0, 627.0, 627.0, 627.0, 627.0, 627.0, 627.0, 627.0, 627.0, 617.0, 612.0, 580.0, 552.0, 541.0, 510.0, 472.0, 448.0, 422.0, 404.0, 381.0, 367.0, 357.0, 340.0, 332.0, 325.0, 318.0, 309.0, 296.0, 290.0, 286.0, 278.0, 271.0, 265.0, 257.0, 252.0, 248.0, 243.0, 239.0, 239.0, 234.0, 231.0, 223.0, 221.0, 216.0, 212.0, 211.0, 208.0, 202.0, 200.0, 198.0, 196.0, 192.0, 192.0, 190.0, 188.0, 187.0, 181.0, 181.0, 180.0, 180.0];
u=[u0; u1; u2; u3; u4; u5; u6; u7; u8; u9; ];
vect=100*(1:length(u0));
taille = length(u0);
umean=zeros(taille,1);
uintervalleincertitude = zeros(taille,2);
for i = 1:taille;
			umean(i) = mean(u(:,i));
			nombredeVecteurs=length(u(:,1));
			uincertitude(i) = std(u(:,i))/sqrt(nombredeVecteurs);
			uintervalleincertitude(i,1) = umean(i) + uincertitude(i)*1.96;
			uintervalleincertitude(i,2) = umean(i) - uincertitude(i)*1.96;
			end;
plot(vect(taille/2:taille),uintervalleincertitude(taille/2:taille,:));
hold on;


%---------------------------------------------------------------------
%Benchmark :data/le450_25d.col
clear all;
figure;
title('data/le450_25d.col,  k =[1]'
xlabel('Nombre d iterations');
ylabel('Energie');
			%Constante k : 1.0



%Seed du coloriage : -826277424
%Recuit Simulé Exponentiel avec k l'energie moyenne
%Nombre d'itération : 10000

u0=[11099.0, 7211.0, 5011.0, 3700.0, 2659.0, 2028.0, 1624.0, 1270.0, 1112.0, 929.0, 855.0, 814.0, 771.0, 721.0, 718.0, 703.0, 680.0, 675.0, 675.0, 675.0, 675.0, 675.0, 675.0, 675.0, 675.0, 675.0, 660.0, 657.0, 657.0, 657.0, 639.0, 639.0, 615.0, 609.0, 609.0, 609.0, 609.0, 609.0, 609.0, 609.0, 609.0, 609.0, 609.0, 609.0, 609.0, 609.0, 609.0, 609.0, 609.0, 609.0, 608.0, 570.0, 526.0, 506.0, 483.0, 464.0, 431.0, 414.0, 385.0, 369.0, 362.0, 346.0, 337.0, 328.0, 317.0, 310.0, 302.0, 284.0, 274.0, 270.0, 268.0, 262.0, 256.0, 255.0, 247.0, 243.0, 239.0, 238.0, 235.0, 229.0, 224.0, 224.0, 221.0, 217.0, 217.0, 214.0, 212.0, 209.0, 207.0, 205.0, 202.0, 198.0, 194.0, 194.0, 192.0, 191.0, 190.0, 186.0, 185.0];
u1=[10989.0, 7191.0, 5293.0, 3403.0, 2457.0, 1865.0, 1462.0, 1124.0, 993.0, 955.0, 846.0, 787.0, 716.0, 716.0, 710.0, 710.0, 710.0, 710.0, 710.0, 710.0, 701.0, 697.0, 697.0, 678.0, 676.0, 676.0, 676.0, 676.0, 676.0, 676.0, 676.0, 676.0, 661.0, 661.0, 661.0, 652.0, 641.0, 641.0, 641.0, 641.0, 641.0, 641.0, 641.0, 641.0, 641.0, 641.0, 619.0, 617.0, 616.0, 583.0, 562.0, 524.0, 493.0, 459.0, 421.0, 392.0, 379.0, 361.0, 354.0, 348.0, 337.0, 325.0, 315.0, 304.0, 301.0, 289.0, 281.0, 279.0, 270.0, 264.0, 260.0, 255.0, 248.0, 242.0, 241.0, 237.0, 234.0, 232.0, 227.0, 225.0, 218.0, 215.0, 213.0, 208.0, 205.0, 205.0, 203.0, 200.0, 198.0, 195.0, 193.0, 192.0, 189.0, 185.0, 185.0, 183.0, 183.0, 183.0, 182.0];
u2=[11451.0, 7338.0, 4890.0, 3492.0, 2396.0, 1644.0, 1308.0, 1072.0, 984.0, 862.0, 797.0, 750.0, 749.0, 739.0, 696.0, 682.0, 682.0, 666.0, 666.0, 666.0, 666.0, 666.0, 666.0, 666.0, 666.0, 666.0, 666.0, 666.0, 644.0, 637.0, 637.0, 637.0, 637.0, 637.0, 637.0, 637.0, 637.0, 637.0, 637.0, 637.0, 637.0, 637.0, 637.0, 621.0, 607.0, 607.0, 607.0, 607.0, 607.0, 607.0, 595.0, 555.0, 529.0, 508.0, 470.0, 439.0, 420.0, 397.0, 374.0, 363.0, 351.0, 336.0, 327.0, 312.0, 306.0, 298.0, 290.0, 282.0, 272.0, 266.0, 263.0, 261.0, 252.0, 248.0, 244.0, 239.0, 238.0, 237.0, 232.0, 230.0, 228.0, 224.0, 223.0, 220.0, 216.0, 215.0, 210.0, 208.0, 207.0, 204.0, 201.0, 201.0, 200.0, 196.0, 195.0, 190.0, 187.0, 187.0, 186.0];
u3=[11639.0, 7735.0, 5115.0, 3823.0, 2569.0, 1897.0, 1455.0, 1136.0, 1003.0, 900.0, 874.0, 811.0, 742.0, 718.0, 690.0, 689.0, 662.0, 654.0, 639.0, 639.0, 639.0, 639.0, 639.0, 639.0, 630.0, 630.0, 630.0, 630.0, 630.0, 630.0, 630.0, 630.0, 630.0, 630.0, 630.0, 630.0, 630.0, 630.0, 630.0, 630.0, 630.0, 630.0, 630.0, 630.0, 630.0, 630.0, 630.0, 630.0, 630.0, 627.0, 600.0, 571.0, 551.0, 524.0, 502.0, 469.0, 437.0, 398.0, 375.0, 367.0, 356.0, 334.0, 322.0, 313.0, 310.0, 295.0, 285.0, 279.0, 277.0, 273.0, 266.0, 261.0, 258.0, 253.0, 249.0, 244.0, 243.0, 238.0, 233.0, 228.0, 223.0, 214.0, 212.0, 211.0, 210.0, 209.0, 206.0, 205.0, 203.0, 200.0, 197.0, 195.0, 194.0, 193.0, 192.0, 189.0, 185.0, 184.0, 183.0];
u4=[11008.0, 6814.0, 4322.0, 2973.0, 1978.0, 1532.0, 1185.0, 1057.0, 904.0, 789.0, 724.0, 698.0, 698.0, 698.0, 698.0, 696.0, 688.0, 660.0, 660.0, 660.0, 660.0, 660.0, 660.0, 660.0, 660.0, 660.0, 660.0, 660.0, 660.0, 660.0, 660.0, 660.0, 660.0, 660.0, 660.0, 659.0, 659.0, 659.0, 648.0, 648.0, 648.0, 648.0, 648.0, 648.0, 648.0, 646.0, 626.0, 602.0, 602.0, 590.0, 572.0, 529.0, 490.0, 465.0, 433.0, 414.0, 395.0, 379.0, 367.0, 354.0, 335.0, 325.0, 309.0, 299.0, 297.0, 292.0, 288.0, 282.0, 280.0, 278.0, 275.0, 269.0, 264.0, 255.0, 250.0, 241.0, 239.0, 233.0, 231.0, 228.0, 226.0, 222.0, 218.0, 215.0, 212.0, 212.0, 208.0, 206.0, 202.0, 199.0, 199.0, 197.0, 196.0, 192.0, 190.0, 189.0, 186.0, 184.0, 183.0];
u5=[10599.0, 6552.0, 4278.0, 2733.0, 1873.0, 1205.0, 1013.0, 869.0, 805.0, 755.0, 676.0, 676.0, 666.0, 639.0, 639.0, 639.0, 639.0, 639.0, 639.0, 639.0, 639.0, 626.0, 622.0, 622.0, 622.0, 622.0, 622.0, 622.0, 622.0, 622.0, 622.0, 622.0, 622.0, 622.0, 622.0, 622.0, 622.0, 622.0, 622.0, 622.0, 622.0, 622.0, 622.0, 622.0, 615.0, 615.0, 615.0, 615.0, 611.0, 591.0, 583.0, 562.0, 530.0, 498.0, 466.0, 445.0, 408.0, 384.0, 366.0, 356.0, 345.0, 331.0, 324.0, 317.0, 308.0, 296.0, 289.0, 278.0, 269.0, 261.0, 256.0, 248.0, 240.0, 239.0, 236.0, 231.0, 223.0, 217.0, 214.0, 212.0, 212.0, 212.0, 211.0, 208.0, 207.0, 205.0, 203.0, 198.0, 196.0, 194.0, 192.0, 190.0, 189.0, 186.0, 183.0, 182.0, 181.0, 180.0, 179.0];
u6=[11484.0, 7200.0, 4484.0, 3266.0, 2138.0, 1708.0, 1329.0, 1107.0, 883.0, 847.0, 836.0, 808.0, 803.0, 747.0, 717.0, 717.0, 714.0, 714.0, 698.0, 684.0, 675.0, 675.0, 675.0, 675.0, 675.0, 675.0, 675.0, 675.0, 671.0, 623.0, 623.0, 623.0, 623.0, 623.0, 623.0, 623.0, 623.0, 623.0, 623.0, 623.0, 623.0, 623.0, 623.0, 623.0, 623.0, 623.0, 623.0, 623.0, 623.0, 623.0, 567.0, 544.0, 512.0, 467.0, 452.0, 430.0, 412.0, 395.0, 376.0, 358.0, 346.0, 329.0, 322.0, 315.0, 310.0, 301.0, 296.0, 291.0, 286.0, 276.0, 270.0, 260.0, 255.0, 251.0, 245.0, 244.0, 242.0, 238.0, 234.0, 232.0, 228.0, 227.0, 223.0, 222.0, 221.0, 221.0, 219.0, 216.0, 210.0, 209.0, 206.0, 205.0, 203.0, 201.0, 200.0, 198.0, 197.0, 195.0, 195.0];
u7=[11526.0, 7719.0, 5061.0, 3316.0, 2390.0, 1685.0, 1378.0, 1175.0, 978.0, 842.0, 756.0, 703.0, 696.0, 696.0, 674.0, 674.0, 666.0, 664.0, 664.0, 648.0, 648.0, 648.0, 648.0, 648.0, 648.0, 648.0, 648.0, 634.0, 634.0, 634.0, 634.0, 634.0, 634.0, 634.0, 634.0, 634.0, 634.0, 634.0, 634.0, 634.0, 634.0, 634.0, 634.0, 634.0, 634.0, 634.0, 634.0, 634.0, 623.0, 598.0, 566.0, 535.0, 510.0, 483.0, 452.0, 420.0, 406.0, 388.0, 378.0, 365.0, 347.0, 333.0, 321.0, 313.0, 300.0, 292.0, 287.0, 277.0, 271.0, 264.0, 256.0, 250.0, 239.0, 236.0, 230.0, 227.0, 225.0, 223.0, 222.0, 217.0, 214.0, 211.0, 205.0, 204.0, 203.0, 201.0, 199.0, 198.0, 197.0, 195.0, 194.0, 191.0, 190.0, 187.0, 184.0, 183.0, 179.0, 178.0, 172.0];
u8=[11240.0, 7684.0, 5270.0, 3489.0, 2521.0, 1901.0, 1607.0, 1250.0, 1071.0, 887.0, 821.0, 797.0, 747.0, 696.0, 696.0, 650.0, 641.0, 641.0, 641.0, 641.0, 641.0, 641.0, 641.0, 641.0, 641.0, 641.0, 641.0, 641.0, 641.0, 641.0, 641.0, 641.0, 641.0, 641.0, 641.0, 641.0, 641.0, 641.0, 641.0, 641.0, 641.0, 641.0, 641.0, 641.0, 641.0, 633.0, 633.0, 617.0, 590.0, 590.0, 556.0, 556.0, 546.0, 529.0, 512.0, 480.0, 453.0, 439.0, 408.0, 382.0, 369.0, 350.0, 330.0, 317.0, 309.0, 297.0, 290.0, 284.0, 282.0, 276.0, 264.0, 262.0, 259.0, 255.0, 249.0, 246.0, 240.0, 235.0, 229.0, 224.0, 217.0, 214.0, 212.0, 211.0, 211.0, 209.0, 208.0, 206.0, 206.0, 205.0, 201.0, 201.0, 201.0, 201.0, 199.0, 196.0, 194.0, 194.0, 193.0];
u9=[11150.0, 7863.0, 5378.0, 3927.0, 2611.0, 1867.0, 1413.0, 1046.0, 899.0, 865.0, 791.0, 776.0, 776.0, 731.0, 699.0, 687.0, 687.0, 687.0, 678.0, 678.0, 678.0, 672.0, 672.0, 672.0, 672.0, 646.0, 646.0, 646.0, 646.0, 646.0, 646.0, 646.0, 646.0, 646.0, 646.0, 646.0, 646.0, 632.0, 632.0, 632.0, 632.0, 632.0, 632.0, 632.0, 632.0, 632.0, 625.0, 619.0, 609.0, 589.0, 569.0, 534.0, 517.0, 489.0, 460.0, 428.0, 407.0, 387.0, 366.0, 354.0, 342.0, 330.0, 311.0, 305.0, 299.0, 286.0, 281.0, 274.0, 265.0, 259.0, 253.0, 245.0, 242.0, 235.0, 232.0, 227.0, 226.0, 225.0, 222.0, 221.0, 218.0, 214.0, 210.0, 208.0, 204.0, 201.0, 200.0, 198.0, 197.0, 192.0, 191.0, 185.0, 182.0, 179.0, 173.0, 172.0, 170.0, 169.0, 168.0];
u=[u0; u1; u2; u3; u4; u5; u6; u7; u8; u9; ];
vect=100*(1:length(u0));
taille = length(u0);
umean=zeros(taille,1);
uintervalleincertitude = zeros(taille,2);
for i = 1:taille;
			umean(i) = mean(u(:,i));
			nombredeVecteurs=length(u(:,1));
			uincertitude(i) = std(u(:,i))/sqrt(nombredeVecteurs);
			uintervalleincertitude(i,1) = umean(i) + uincertitude(i)*1.96;
			uintervalleincertitude(i,2) = umean(i) - uincertitude(i)*1.96;
			end;
plot(vect(taille/2:taille),uintervalleincertitude(taille/2:taille,:));
hold on;
