%Sortie Graphique : 
%Taille Echantillon : 10
%Echantillonnage : 100
%Température de départ : 7000.0
%Température de fin : 0.0


%---------------------------------------------------------------------
%Benchmark :data/le450_25a.col
clear all;
figure;
title('data/le450_25a.col,  k =[1]'
xlabel('Nombre d iterations');
ylabel('Energie');

%Constante k : 1.0
Facteur : 0.5


%Seed du coloriage : 25357963
%Recuit Simulé Exponentiel avec k l'energie moyenne
%Nombre d'itération : 20000

u0=[5473.0, 3776.0, 2442.0, 1642.0, 1182.0, 865.0, 546.0, 455.0, 352.0, 265.0, 227.0, 179.0, 165.0, 143.0, 132.0, 120.0, 116.0, 111.0, 106.0, 95.0, 91.0, 87.0, 82.0, 79.0, 76.0, 74.0, 69.0, 68.0, 67.0, 63.0, 62.0, 60.0, 59.0, 58.0, 56.0, 55.0, 54.0, 54.0, 52.0, 51.0, 49.0, 48.0, 44.0, 44.0, 44.0, 43.0, 43.0, 43.0, 43.0, 40.0, 39.0, 39.0, 38.0, 38.0, 36.0, 36.0, 35.0, 34.0, 34.0, 32.0, 32.0, 32.0, 31.0, 31.0, 31.0, 31.0, 31.0, 30.0, 28.0, 28.0, 28.0, 28.0, 28.0, 28.0, 28.0, 28.0, 28.0, 28.0, 27.0, 26.0, 26.0, 26.0, 26.0, 24.0, 23.0, 23.0, 23.0, 23.0, 22.0, 22.0, 22.0, 21.0, 21.0, 21.0, 21.0, 21.0, 21.0, 21.0, 21.0, 21.0, 21.0, 20.0, 20.0, 20.0, 20.0, 20.0, 20.0, 20.0, 20.0, 20.0, 20.0, 20.0, 20.0, 20.0, 20.0, 20.0, 20.0, 20.0, 20.0, 19.0, 19.0, 18.0, 18.0, 18.0, 18.0, 18.0, 18.0, 18.0, 18.0, 18.0, 17.0, 17.0, 16.0, 16.0, 16.0, 16.0, 16.0, 16.0, 16.0, 16.0, 16.0, 16.0, 16.0, 15.0, 15.0, 15.0, 15.0, 15.0, 15.0, 15.0, 15.0, 15.0, 15.0, 15.0, 15.0, 15.0, 14.0, 14.0, 14.0, 14.0, 14.0, 14.0, 14.0, 14.0, 14.0, 14.0, 14.0, 14.0, 14.0, 14.0, 14.0, 14.0, 14.0, 14.0, 14.0, 14.0, 14.0, 14.0, 14.0, 14.0, 13.0, 13.0, 13.0, 13.0, 13.0, 13.0, 13.0, 13.0, 13.0, 13.0, 13.0, 13.0, 13.0, 13.0, 13.0, 13.0, 13.0, 13.0, 13.0];
u1=[5309.0, 3382.0, 2057.0, 1401.0, 879.0, 611.0, 405.0, 337.0, 255.0, 232.0, 195.0, 168.0, 152.0, 136.0, 125.0, 114.0, 106.0, 102.0, 97.0, 94.0, 92.0, 88.0, 87.0, 84.0, 82.0, 78.0, 75.0, 75.0, 74.0, 70.0, 66.0, 65.0, 64.0, 62.0, 60.0, 58.0, 58.0, 58.0, 58.0, 57.0, 57.0, 57.0, 55.0, 53.0, 51.0, 49.0, 49.0, 49.0, 46.0, 46.0, 46.0, 43.0, 43.0, 43.0, 42.0, 41.0, 41.0, 40.0, 39.0, 39.0, 39.0, 39.0, 39.0, 37.0, 37.0, 36.0, 35.0, 35.0, 35.0, 35.0, 34.0, 34.0, 34.0, 34.0, 34.0, 33.0, 33.0, 33.0, 33.0, 33.0, 33.0, 33.0, 32.0, 31.0, 30.0, 29.0, 29.0, 28.0, 28.0, 27.0, 27.0, 27.0, 27.0, 27.0, 27.0, 26.0, 26.0, 24.0, 24.0, 24.0, 23.0, 23.0, 23.0, 22.0, 22.0, 22.0, 22.0, 22.0, 22.0, 22.0, 22.0, 21.0, 21.0, 21.0, 20.0, 19.0, 19.0, 19.0, 19.0, 19.0, 19.0, 19.0, 19.0, 19.0, 19.0, 19.0, 18.0, 17.0, 17.0, 17.0, 17.0, 17.0, 16.0, 16.0, 16.0, 15.0, 14.0, 14.0, 14.0, 13.0, 13.0, 13.0, 13.0, 13.0, 13.0, 13.0, 13.0, 13.0, 13.0, 13.0, 13.0, 13.0, 13.0, 13.0, 13.0, 13.0, 13.0, 13.0, 13.0, 13.0, 13.0, 13.0, 13.0, 13.0, 13.0, 13.0, 13.0, 13.0, 13.0, 13.0, 13.0, 13.0, 13.0, 13.0, 13.0, 13.0, 13.0, 13.0, 13.0, 13.0, 13.0, 12.0, 12.0, 12.0, 12.0, 12.0, 12.0, 12.0, 12.0, 12.0, 12.0, 12.0, 12.0, 12.0, 12.0, 12.0, 12.0, 12.0, 12.0];
u2=[5306.0, 3492.0, 2330.0, 1487.0, 1047.0, 686.0, 466.0, 372.0, 285.0, 246.0, 199.0, 173.0, 149.0, 142.0, 136.0, 125.0, 117.0, 112.0, 108.0, 104.0, 98.0, 93.0, 88.0, 85.0, 82.0, 78.0, 78.0, 76.0, 75.0, 75.0, 74.0, 72.0, 70.0, 70.0, 70.0, 67.0, 65.0, 64.0, 63.0, 61.0, 57.0, 55.0, 52.0, 51.0, 50.0, 46.0, 46.0, 44.0, 43.0, 43.0, 43.0, 42.0, 42.0, 42.0, 41.0, 41.0, 40.0, 40.0, 39.0, 38.0, 36.0, 36.0, 35.0, 35.0, 35.0, 35.0, 35.0, 34.0, 34.0, 33.0, 33.0, 32.0, 32.0, 31.0, 30.0, 30.0, 30.0, 30.0, 30.0, 30.0, 30.0, 30.0, 30.0, 30.0, 30.0, 30.0, 30.0, 30.0, 30.0, 30.0, 30.0, 30.0, 30.0, 28.0, 28.0, 28.0, 28.0, 28.0, 27.0, 27.0, 27.0, 27.0, 26.0, 26.0, 26.0, 25.0, 25.0, 25.0, 25.0, 25.0, 25.0, 25.0, 25.0, 25.0, 25.0, 25.0, 25.0, 25.0, 24.0, 24.0, 23.0, 23.0, 23.0, 23.0, 22.0, 22.0, 22.0, 22.0, 21.0, 20.0, 20.0, 19.0, 19.0, 19.0, 19.0, 19.0, 19.0, 19.0, 19.0, 18.0, 18.0, 18.0, 18.0, 18.0, 18.0, 17.0, 16.0, 16.0, 16.0, 16.0, 16.0, 16.0, 16.0, 16.0, 16.0, 16.0, 16.0, 16.0, 16.0, 16.0, 16.0, 15.0, 15.0, 15.0, 15.0, 15.0, 15.0, 15.0, 15.0, 15.0, 15.0, 15.0, 15.0, 15.0, 15.0, 15.0, 15.0, 15.0, 15.0, 15.0, 15.0, 15.0, 15.0, 15.0, 15.0, 15.0, 15.0, 15.0, 15.0, 15.0, 15.0, 15.0, 15.0, 15.0, 15.0, 15.0, 15.0, 15.0, 15.0];
u3=[5681.0, 3767.0, 2331.0, 1559.0, 958.0, 687.0, 512.0, 394.0, 271.0, 215.0, 191.0, 182.0, 167.0, 154.0, 138.0, 125.0, 114.0, 103.0, 101.0, 99.0, 90.0, 86.0, 83.0, 78.0, 71.0, 68.0, 67.0, 66.0, 64.0, 63.0, 63.0, 61.0, 58.0, 55.0, 54.0, 53.0, 53.0, 53.0, 53.0, 50.0, 47.0, 43.0, 42.0, 42.0, 41.0, 41.0, 40.0, 38.0, 38.0, 37.0, 35.0, 35.0, 34.0, 34.0, 34.0, 34.0, 33.0, 33.0, 33.0, 33.0, 32.0, 32.0, 32.0, 32.0, 30.0, 30.0, 30.0, 30.0, 30.0, 30.0, 30.0, 30.0, 30.0, 30.0, 29.0, 29.0, 29.0, 28.0, 28.0, 28.0, 28.0, 27.0, 27.0, 27.0, 27.0, 27.0, 27.0, 26.0, 26.0, 26.0, 26.0, 26.0, 26.0, 26.0, 26.0, 26.0, 26.0, 26.0, 26.0, 25.0, 25.0, 25.0, 25.0, 25.0, 24.0, 24.0, 24.0, 24.0, 24.0, 24.0, 24.0, 23.0, 23.0, 23.0, 23.0, 23.0, 22.0, 21.0, 21.0, 21.0, 21.0, 21.0, 21.0, 21.0, 21.0, 21.0, 21.0, 21.0, 21.0, 21.0, 21.0, 21.0, 21.0, 21.0, 21.0, 20.0, 20.0, 20.0, 20.0, 20.0, 20.0, 19.0, 19.0, 19.0, 19.0, 19.0, 19.0, 19.0, 19.0, 19.0, 19.0, 19.0, 18.0, 18.0, 18.0, 18.0, 18.0, 18.0, 18.0, 18.0, 18.0, 18.0, 18.0, 18.0, 17.0, 17.0, 17.0, 17.0, 17.0, 17.0, 17.0, 17.0, 17.0, 17.0, 16.0, 16.0, 16.0, 16.0, 16.0, 16.0, 16.0, 16.0, 16.0, 16.0, 16.0, 16.0, 16.0, 16.0, 16.0, 16.0, 16.0, 16.0, 16.0, 16.0, 16.0, 16.0, 16.0, 16.0, 16.0];
u4=[5271.0, 3240.0, 2142.0, 1419.0, 1069.0, 714.0, 558.0, 406.0, 307.0, 245.0, 199.0, 164.0, 146.0, 138.0, 133.0, 126.0, 114.0, 108.0, 100.0, 92.0, 90.0, 84.0, 83.0, 80.0, 77.0, 77.0, 76.0, 72.0, 71.0, 70.0, 67.0, 66.0, 65.0, 61.0, 59.0, 58.0, 57.0, 57.0, 55.0, 55.0, 53.0, 53.0, 53.0, 53.0, 52.0, 51.0, 51.0, 49.0, 47.0, 46.0, 45.0, 45.0, 45.0, 45.0, 45.0, 44.0, 43.0, 43.0, 43.0, 40.0, 40.0, 40.0, 40.0, 40.0, 39.0, 39.0, 39.0, 39.0, 39.0, 39.0, 38.0, 38.0, 38.0, 37.0, 36.0, 35.0, 34.0, 34.0, 32.0, 32.0, 32.0, 32.0, 32.0, 32.0, 32.0, 32.0, 32.0, 31.0, 31.0, 31.0, 31.0, 31.0, 31.0, 31.0, 31.0, 31.0, 31.0, 30.0, 30.0, 30.0, 30.0, 30.0, 29.0, 29.0, 28.0, 28.0, 28.0, 26.0, 26.0, 26.0, 26.0, 25.0, 25.0, 25.0, 25.0, 24.0, 24.0, 24.0, 24.0, 23.0, 23.0, 23.0, 23.0, 23.0, 23.0, 23.0, 23.0, 23.0, 22.0, 22.0, 22.0, 22.0, 22.0, 22.0, 22.0, 22.0, 22.0, 22.0, 22.0, 21.0, 20.0, 20.0, 20.0, 19.0, 19.0, 18.0, 18.0, 18.0, 18.0, 18.0, 18.0, 18.0, 18.0, 18.0, 18.0, 18.0, 18.0, 18.0, 18.0, 18.0, 18.0, 18.0, 17.0, 17.0, 17.0, 17.0, 17.0, 17.0, 16.0, 16.0, 16.0, 16.0, 16.0, 16.0, 16.0, 16.0, 16.0, 16.0, 16.0, 16.0, 16.0, 16.0, 16.0, 16.0, 16.0, 16.0, 16.0, 16.0, 16.0, 16.0, 16.0, 16.0, 16.0, 16.0, 16.0, 16.0, 16.0, 16.0, 15.0];
u5=[5470.0, 3550.0, 2294.0, 1599.0, 1026.0, 748.0, 481.0, 364.0, 294.0, 254.0, 228.0, 184.0, 163.0, 154.0, 143.0, 135.0, 132.0, 126.0, 119.0, 112.0, 111.0, 103.0, 98.0, 94.0, 92.0, 90.0, 85.0, 80.0, 78.0, 77.0, 77.0, 71.0, 66.0, 65.0, 63.0, 62.0, 60.0, 60.0, 59.0, 56.0, 54.0, 53.0, 53.0, 49.0, 48.0, 47.0, 45.0, 45.0, 45.0, 44.0, 44.0, 41.0, 40.0, 38.0, 38.0, 37.0, 36.0, 36.0, 36.0, 34.0, 32.0, 32.0, 32.0, 32.0, 32.0, 32.0, 31.0, 31.0, 31.0, 31.0, 31.0, 29.0, 29.0, 29.0, 29.0, 28.0, 28.0, 27.0, 26.0, 26.0, 26.0, 25.0, 25.0, 25.0, 25.0, 25.0, 25.0, 25.0, 25.0, 25.0, 25.0, 25.0, 25.0, 24.0, 24.0, 23.0, 23.0, 23.0, 23.0, 23.0, 23.0, 23.0, 23.0, 23.0, 23.0, 23.0, 23.0, 23.0, 23.0, 23.0, 23.0, 23.0, 23.0, 23.0, 23.0, 23.0, 23.0, 22.0, 22.0, 22.0, 22.0, 21.0, 21.0, 21.0, 21.0, 21.0, 21.0, 21.0, 21.0, 21.0, 21.0, 21.0, 21.0, 21.0, 21.0, 21.0, 21.0, 21.0, 21.0, 21.0, 21.0, 21.0, 21.0, 21.0, 21.0, 21.0, 21.0, 21.0, 20.0, 20.0, 20.0, 20.0, 20.0, 20.0, 20.0, 20.0, 20.0, 19.0, 19.0, 19.0, 19.0, 19.0, 19.0, 19.0, 19.0, 19.0, 18.0, 17.0, 17.0, 17.0, 17.0, 17.0, 17.0, 17.0, 16.0, 16.0, 16.0, 16.0, 16.0, 16.0, 16.0, 16.0, 16.0, 16.0, 16.0, 16.0, 16.0, 16.0, 16.0, 16.0, 16.0, 16.0, 16.0, 16.0, 16.0, 16.0, 15.0, 15.0, 14.0];
u6=[5382.0, 3411.0, 2156.0, 1517.0, 960.0, 634.0, 482.0, 336.0, 273.0, 226.0, 204.0, 174.0, 154.0, 142.0, 130.0, 117.0, 108.0, 102.0, 100.0, 94.0, 89.0, 89.0, 86.0, 81.0, 76.0, 72.0, 71.0, 66.0, 66.0, 65.0, 65.0, 65.0, 63.0, 59.0, 58.0, 54.0, 54.0, 53.0, 53.0, 50.0, 49.0, 48.0, 47.0, 47.0, 46.0, 46.0, 46.0, 45.0, 44.0, 42.0, 42.0, 42.0, 40.0, 40.0, 40.0, 40.0, 40.0, 38.0, 37.0, 37.0, 37.0, 36.0, 36.0, 36.0, 36.0, 36.0, 36.0, 35.0, 35.0, 35.0, 35.0, 35.0, 34.0, 32.0, 31.0, 31.0, 31.0, 31.0, 31.0, 31.0, 30.0, 30.0, 30.0, 30.0, 28.0, 28.0, 28.0, 28.0, 28.0, 28.0, 28.0, 28.0, 28.0, 28.0, 27.0, 27.0, 27.0, 27.0, 27.0, 26.0, 26.0, 26.0, 26.0, 26.0, 26.0, 26.0, 26.0, 26.0, 26.0, 26.0, 26.0, 26.0, 26.0, 26.0, 26.0, 26.0, 26.0, 24.0, 24.0, 24.0, 24.0, 24.0, 24.0, 23.0, 23.0, 23.0, 23.0, 23.0, 23.0, 23.0, 23.0, 22.0, 22.0, 21.0, 21.0, 21.0, 21.0, 21.0, 21.0, 21.0, 21.0, 21.0, 21.0, 21.0, 21.0, 21.0, 21.0, 21.0, 21.0, 21.0, 21.0, 21.0, 21.0, 21.0, 21.0, 21.0, 21.0, 21.0, 21.0, 21.0, 21.0, 21.0, 20.0, 20.0, 20.0, 20.0, 20.0, 20.0, 20.0, 20.0, 20.0, 20.0, 20.0, 19.0, 19.0, 19.0, 19.0, 18.0, 18.0, 18.0, 18.0, 18.0, 18.0, 18.0, 18.0, 18.0, 18.0, 18.0, 18.0, 18.0, 18.0, 18.0, 18.0, 18.0, 18.0, 18.0, 16.0, 16.0, 16.0];
u7=[5481.0, 3770.0, 2535.0, 1573.0, 991.0, 703.0, 451.0, 329.0, 259.0, 227.0, 192.0, 170.0, 143.0, 127.0, 122.0, 115.0, 112.0, 97.0, 91.0, 82.0, 77.0, 75.0, 71.0, 67.0, 66.0, 65.0, 65.0, 65.0, 63.0, 59.0, 57.0, 57.0, 57.0, 57.0, 57.0, 56.0, 56.0, 53.0, 51.0, 50.0, 50.0, 49.0, 49.0, 48.0, 48.0, 47.0, 47.0, 46.0, 42.0, 42.0, 42.0, 42.0, 42.0, 42.0, 40.0, 39.0, 39.0, 39.0, 39.0, 39.0, 39.0, 39.0, 39.0, 39.0, 39.0, 37.0, 35.0, 34.0, 33.0, 32.0, 31.0, 31.0, 31.0, 31.0, 31.0, 31.0, 31.0, 31.0, 30.0, 30.0, 30.0, 29.0, 29.0, 29.0, 29.0, 29.0, 27.0, 26.0, 24.0, 24.0, 24.0, 24.0, 24.0, 24.0, 24.0, 24.0, 24.0, 24.0, 24.0, 24.0, 24.0, 24.0, 24.0, 24.0, 24.0, 24.0, 24.0, 24.0, 24.0, 24.0, 22.0, 22.0, 22.0, 22.0, 22.0, 22.0, 22.0, 22.0, 22.0, 21.0, 21.0, 21.0, 21.0, 21.0, 21.0, 21.0, 20.0, 20.0, 20.0, 20.0, 19.0, 19.0, 19.0, 19.0, 19.0, 19.0, 19.0, 19.0, 18.0, 17.0, 17.0, 17.0, 17.0, 17.0, 16.0, 16.0, 16.0, 15.0, 15.0, 15.0, 15.0, 15.0, 15.0, 15.0, 15.0, 15.0, 15.0, 15.0, 15.0, 15.0, 15.0, 15.0, 15.0, 15.0, 15.0, 15.0, 15.0, 15.0, 15.0, 15.0, 15.0, 15.0, 15.0, 15.0, 15.0, 15.0, 15.0, 15.0, 15.0, 15.0, 15.0, 15.0, 15.0, 15.0, 15.0, 15.0, 15.0, 15.0, 15.0, 15.0, 15.0, 15.0, 15.0, 15.0, 15.0, 15.0, 15.0, 15.0, 15.0];
u8=[5140.0, 3227.0, 2175.0, 1355.0, 961.0, 679.0, 500.0, 371.0, 295.0, 241.0, 200.0, 173.0, 152.0, 144.0, 132.0, 120.0, 108.0, 95.0, 89.0, 87.0, 85.0, 81.0, 80.0, 77.0, 71.0, 69.0, 67.0, 66.0, 62.0, 59.0, 55.0, 55.0, 55.0, 55.0, 54.0, 53.0, 52.0, 51.0, 49.0, 49.0, 49.0, 47.0, 46.0, 46.0, 45.0, 45.0, 43.0, 42.0, 42.0, 39.0, 39.0, 37.0, 36.0, 36.0, 35.0, 34.0, 34.0, 33.0, 33.0, 33.0, 33.0, 31.0, 31.0, 31.0, 31.0, 31.0, 31.0, 31.0, 31.0, 31.0, 31.0, 31.0, 31.0, 31.0, 31.0, 31.0, 31.0, 30.0, 29.0, 29.0, 29.0, 29.0, 28.0, 28.0, 28.0, 28.0, 28.0, 28.0, 27.0, 27.0, 27.0, 27.0, 26.0, 26.0, 26.0, 26.0, 26.0, 25.0, 25.0, 25.0, 25.0, 23.0, 23.0, 23.0, 22.0, 22.0, 22.0, 22.0, 22.0, 22.0, 22.0, 22.0, 22.0, 22.0, 22.0, 22.0, 21.0, 20.0, 20.0, 20.0, 20.0, 20.0, 20.0, 20.0, 20.0, 20.0, 20.0, 20.0, 20.0, 19.0, 19.0, 19.0, 19.0, 19.0, 19.0, 19.0, 18.0, 18.0, 18.0, 18.0, 18.0, 17.0, 16.0, 16.0, 16.0, 16.0, 16.0, 16.0, 16.0, 16.0, 16.0, 16.0, 16.0, 15.0, 15.0, 15.0, 15.0, 15.0, 15.0, 15.0, 15.0, 15.0, 15.0, 15.0, 15.0, 15.0, 15.0, 15.0, 15.0, 15.0, 14.0, 14.0, 14.0, 14.0, 14.0, 14.0, 14.0, 12.0, 12.0, 12.0, 12.0, 12.0, 12.0, 12.0, 11.0, 11.0, 11.0, 11.0, 11.0, 11.0, 11.0, 11.0, 11.0, 11.0, 11.0, 11.0, 11.0, 10.0, 10.0];
u9=[5356.0, 3453.0, 2112.0, 1509.0, 948.0, 631.0, 389.0, 329.0, 268.0, 224.0, 172.0, 158.0, 146.0, 139.0, 127.0, 116.0, 111.0, 104.0, 100.0, 98.0, 95.0, 92.0, 91.0, 87.0, 83.0, 81.0, 78.0, 78.0, 77.0, 76.0, 75.0, 70.0, 69.0, 66.0, 65.0, 65.0, 64.0, 61.0, 60.0, 60.0, 60.0, 58.0, 56.0, 54.0, 53.0, 53.0, 52.0, 49.0, 47.0, 46.0, 44.0, 44.0, 43.0, 41.0, 41.0, 41.0, 41.0, 41.0, 40.0, 40.0, 40.0, 39.0, 39.0, 38.0, 37.0, 36.0, 36.0, 36.0, 36.0, 35.0, 34.0, 34.0, 34.0, 34.0, 33.0, 33.0, 32.0, 32.0, 32.0, 31.0, 31.0, 31.0, 31.0, 30.0, 29.0, 28.0, 27.0, 26.0, 26.0, 25.0, 25.0, 25.0, 25.0, 25.0, 25.0, 25.0, 25.0, 25.0, 25.0, 25.0, 25.0, 25.0, 24.0, 24.0, 23.0, 23.0, 23.0, 23.0, 22.0, 21.0, 21.0, 20.0, 20.0, 20.0, 20.0, 20.0, 20.0, 20.0, 19.0, 19.0, 19.0, 19.0, 19.0, 19.0, 19.0, 18.0, 18.0, 18.0, 18.0, 18.0, 18.0, 18.0, 17.0, 17.0, 17.0, 17.0, 17.0, 17.0, 17.0, 17.0, 17.0, 17.0, 17.0, 17.0, 17.0, 17.0, 17.0, 17.0, 17.0, 17.0, 17.0, 17.0, 17.0, 16.0, 15.0, 15.0, 15.0, 15.0, 15.0, 15.0, 14.0, 14.0, 14.0, 14.0, 14.0, 14.0, 14.0, 14.0, 14.0, 14.0, 14.0, 13.0, 13.0, 13.0, 13.0, 13.0, 13.0, 13.0, 13.0, 13.0, 13.0, 13.0, 13.0, 12.0, 12.0, 12.0, 12.0, 12.0, 12.0, 12.0, 12.0, 12.0, 12.0, 12.0, 12.0, 12.0, 12.0, 12.0, 12.0];
u=[u0; u1; u2; u3; u4; u5; u6; u7; u8; u9; ];
vect=100*(1:length(u0));
taille = length(u0);
umean=zeros(taille,1);
uintervalleincertitude = zeros(taille,2);
for i = 1:taille;
			umean(i) = mean(u(:,i));
			nombredeVecteurs=length(u(:,1));
			uincertitude(i) = std(u(:,i))/sqrt(nombredeVecteurs);
			uintervalleincertitude(i,1) = umean(i) + uincertitude(i)*1.96;
			uintervalleincertitude(i,2) = umean(i) - uincertitude(i)*1.96;
			end;
plot(vect(taille/2:taille),uintervalleincertitude(taille/2:taille,:));
hold on;


%---------------------------------------------------------------------
%Benchmark :data/le450_25b.col
clear all;
figure;
title('data/le450_25b.col,  k =[1]'
xlabel('Nombre d iterations');
ylabel('Energie');

%Constante k : 1.0
Facteur : 0.5


%Seed du coloriage : -811869780
%Recuit Simulé Exponentiel avec k l'energie moyenne
%Nombre d'itération : 20000

u0=[5434.0, 3428.0, 2008.0, 1168.0, 733.0, 541.0, 389.0, 273.0, 233.0, 197.0, 179.0, 159.0, 149.0, 141.0, 137.0, 127.0, 116.0, 114.0, 110.0, 107.0, 103.0, 97.0, 95.0, 90.0, 87.0, 84.0, 80.0, 77.0, 70.0, 65.0, 63.0, 58.0, 56.0, 55.0, 53.0, 51.0, 51.0, 50.0, 47.0, 46.0, 46.0, 43.0, 43.0, 43.0, 43.0, 42.0, 40.0, 40.0, 39.0, 38.0, 36.0, 35.0, 35.0, 35.0, 34.0, 34.0, 34.0, 33.0, 32.0, 31.0, 31.0, 28.0, 27.0, 26.0, 26.0, 26.0, 26.0, 26.0, 25.0, 25.0, 25.0, 25.0, 24.0, 24.0, 24.0, 24.0, 24.0, 24.0, 24.0, 24.0, 24.0, 24.0, 24.0, 23.0, 23.0, 23.0, 23.0, 22.0, 22.0, 22.0, 22.0, 22.0, 21.0, 21.0, 21.0, 21.0, 21.0, 21.0, 21.0, 20.0, 19.0, 18.0, 17.0, 17.0, 17.0, 17.0, 17.0, 17.0, 17.0, 17.0, 16.0, 16.0, 16.0, 16.0, 16.0, 15.0, 15.0, 15.0, 15.0, 15.0, 15.0, 15.0, 15.0, 15.0, 15.0, 15.0, 15.0, 15.0, 15.0, 15.0, 15.0, 15.0, 15.0, 15.0, 15.0, 15.0, 15.0, 15.0, 15.0, 15.0, 15.0, 15.0, 15.0, 15.0, 15.0, 14.0, 14.0, 14.0, 14.0, 14.0, 14.0, 14.0, 14.0, 14.0, 14.0, 14.0, 14.0, 14.0, 14.0, 14.0, 14.0, 14.0, 14.0, 14.0, 14.0, 14.0, 14.0, 14.0, 14.0, 14.0, 14.0, 14.0, 14.0, 14.0, 14.0, 14.0, 14.0, 14.0, 14.0, 13.0, 13.0, 13.0, 13.0, 13.0, 13.0, 13.0, 13.0, 13.0, 13.0, 13.0, 13.0, 13.0, 13.0, 13.0, 13.0, 13.0, 12.0, 12.0, 12.0];
u1=[5087.0, 3449.0, 2303.0, 1451.0, 1105.0, 788.0, 544.0, 372.0, 292.0, 244.0, 196.0, 172.0, 150.0, 137.0, 129.0, 119.0, 114.0, 106.0, 104.0, 100.0, 94.0, 91.0, 91.0, 85.0, 80.0, 77.0, 73.0, 71.0, 68.0, 66.0, 64.0, 61.0, 58.0, 58.0, 55.0, 55.0, 53.0, 52.0, 50.0, 47.0, 47.0, 46.0, 45.0, 45.0, 43.0, 41.0, 40.0, 39.0, 38.0, 38.0, 38.0, 37.0, 37.0, 37.0, 37.0, 36.0, 36.0, 34.0, 33.0, 33.0, 33.0, 32.0, 31.0, 30.0, 30.0, 29.0, 29.0, 29.0, 29.0, 28.0, 28.0, 28.0, 27.0, 27.0, 27.0, 25.0, 25.0, 24.0, 24.0, 24.0, 24.0, 23.0, 23.0, 23.0, 23.0, 23.0, 23.0, 22.0, 22.0, 22.0, 22.0, 22.0, 21.0, 21.0, 21.0, 21.0, 21.0, 21.0, 21.0, 21.0, 21.0, 21.0, 21.0, 21.0, 21.0, 19.0, 19.0, 19.0, 19.0, 19.0, 19.0, 19.0, 18.0, 18.0, 17.0, 17.0, 17.0, 17.0, 17.0, 17.0, 17.0, 17.0, 17.0, 17.0, 17.0, 17.0, 17.0, 17.0, 17.0, 17.0, 17.0, 17.0, 17.0, 17.0, 17.0, 17.0, 17.0, 17.0, 16.0, 16.0, 16.0, 16.0, 16.0, 16.0, 16.0, 16.0, 16.0, 16.0, 16.0, 16.0, 16.0, 16.0, 16.0, 16.0, 16.0, 16.0, 16.0, 16.0, 16.0, 16.0, 16.0, 16.0, 16.0, 16.0, 16.0, 16.0, 15.0, 15.0, 15.0, 15.0, 15.0, 15.0, 15.0, 15.0, 15.0, 15.0, 14.0, 14.0, 14.0, 14.0, 14.0, 14.0, 14.0, 14.0, 14.0, 14.0, 14.0, 13.0, 13.0, 13.0, 13.0, 13.0, 13.0, 13.0, 13.0, 13.0, 13.0, 13.0, 13.0];
u2=[5244.0, 3373.0, 2022.0, 1293.0, 859.0, 584.0, 428.0, 331.0, 271.0, 225.0, 195.0, 175.0, 145.0, 132.0, 126.0, 117.0, 108.0, 97.0, 95.0, 90.0, 88.0, 85.0, 81.0, 81.0, 79.0, 76.0, 73.0, 72.0, 71.0, 70.0, 67.0, 64.0, 63.0, 61.0, 58.0, 58.0, 57.0, 57.0, 56.0, 56.0, 54.0, 53.0, 53.0, 52.0, 52.0, 51.0, 50.0, 50.0, 48.0, 46.0, 46.0, 46.0, 46.0, 45.0, 44.0, 44.0, 43.0, 43.0, 42.0, 41.0, 41.0, 41.0, 40.0, 40.0, 40.0, 39.0, 39.0, 38.0, 38.0, 38.0, 38.0, 38.0, 36.0, 34.0, 34.0, 33.0, 33.0, 33.0, 32.0, 32.0, 30.0, 30.0, 30.0, 30.0, 30.0, 30.0, 30.0, 30.0, 29.0, 28.0, 27.0, 27.0, 27.0, 27.0, 26.0, 26.0, 26.0, 25.0, 25.0, 25.0, 25.0, 25.0, 24.0, 24.0, 24.0, 24.0, 24.0, 24.0, 24.0, 24.0, 24.0, 24.0, 24.0, 24.0, 23.0, 23.0, 23.0, 23.0, 22.0, 22.0, 22.0, 22.0, 21.0, 21.0, 20.0, 20.0, 20.0, 20.0, 20.0, 20.0, 20.0, 20.0, 20.0, 20.0, 20.0, 20.0, 20.0, 20.0, 20.0, 20.0, 20.0, 19.0, 19.0, 19.0, 19.0, 19.0, 19.0, 18.0, 18.0, 18.0, 17.0, 17.0, 16.0, 16.0, 16.0, 16.0, 16.0, 16.0, 16.0, 16.0, 16.0, 16.0, 16.0, 16.0, 16.0, 16.0, 16.0, 16.0, 16.0, 15.0, 15.0, 15.0, 15.0, 15.0, 15.0, 15.0, 15.0, 15.0, 15.0, 15.0, 15.0, 15.0, 15.0, 15.0, 15.0, 15.0, 15.0, 15.0, 15.0, 14.0, 14.0, 14.0, 14.0, 14.0, 14.0, 13.0, 13.0, 13.0, 12.0];
u3=[5563.0, 3587.0, 2322.0, 1644.0, 1123.0, 820.0, 551.0, 341.0, 268.0, 213.0, 169.0, 144.0, 128.0, 116.0, 109.0, 103.0, 97.0, 91.0, 87.0, 84.0, 83.0, 83.0, 82.0, 78.0, 72.0, 72.0, 69.0, 69.0, 67.0, 65.0, 65.0, 64.0, 64.0, 63.0, 62.0, 60.0, 60.0, 59.0, 55.0, 54.0, 50.0, 46.0, 45.0, 44.0, 43.0, 43.0, 40.0, 38.0, 38.0, 37.0, 37.0, 35.0, 35.0, 35.0, 35.0, 35.0, 35.0, 34.0, 34.0, 33.0, 31.0, 31.0, 30.0, 28.0, 28.0, 28.0, 27.0, 27.0, 26.0, 24.0, 24.0, 24.0, 24.0, 23.0, 23.0, 23.0, 23.0, 23.0, 23.0, 22.0, 22.0, 21.0, 20.0, 18.0, 18.0, 18.0, 18.0, 18.0, 18.0, 18.0, 18.0, 18.0, 18.0, 17.0, 17.0, 17.0, 17.0, 17.0, 17.0, 17.0, 17.0, 17.0, 17.0, 17.0, 17.0, 17.0, 17.0, 17.0, 16.0, 15.0, 15.0, 15.0, 15.0, 15.0, 15.0, 15.0, 15.0, 15.0, 14.0, 14.0, 14.0, 14.0, 14.0, 14.0, 14.0, 14.0, 14.0, 14.0, 13.0, 13.0, 13.0, 13.0, 13.0, 13.0, 13.0, 13.0, 13.0, 13.0, 13.0, 13.0, 13.0, 13.0, 13.0, 13.0, 13.0, 13.0, 13.0, 13.0, 13.0, 13.0, 13.0, 13.0, 13.0, 13.0, 13.0, 13.0, 13.0, 13.0, 13.0, 13.0, 13.0, 13.0, 13.0, 13.0, 13.0, 13.0, 13.0, 13.0, 13.0, 13.0, 13.0, 13.0, 13.0, 13.0, 13.0, 13.0, 13.0, 13.0, 12.0, 12.0, 12.0, 12.0, 12.0, 12.0, 12.0, 12.0, 12.0, 12.0, 12.0, 12.0, 12.0, 12.0, 12.0, 11.0, 11.0, 11.0, 11.0, 11.0, 11.0];
u4=[5267.0, 3442.0, 1955.0, 1152.0, 758.0, 570.0, 402.0, 314.0, 235.0, 201.0, 181.0, 171.0, 151.0, 137.0, 132.0, 125.0, 120.0, 113.0, 108.0, 101.0, 94.0, 92.0, 89.0, 85.0, 80.0, 77.0, 73.0, 70.0, 69.0, 65.0, 64.0, 63.0, 59.0, 58.0, 56.0, 54.0, 54.0, 51.0, 51.0, 50.0, 49.0, 49.0, 47.0, 46.0, 46.0, 46.0, 46.0, 46.0, 46.0, 46.0, 46.0, 44.0, 43.0, 42.0, 40.0, 39.0, 39.0, 39.0, 39.0, 39.0, 36.0, 36.0, 36.0, 35.0, 35.0, 35.0, 34.0, 33.0, 33.0, 33.0, 32.0, 31.0, 31.0, 31.0, 31.0, 31.0, 31.0, 31.0, 31.0, 30.0, 29.0, 29.0, 28.0, 28.0, 28.0, 28.0, 28.0, 28.0, 28.0, 28.0, 28.0, 28.0, 27.0, 25.0, 25.0, 25.0, 25.0, 23.0, 22.0, 22.0, 21.0, 21.0, 21.0, 21.0, 21.0, 21.0, 21.0, 21.0, 21.0, 21.0, 21.0, 21.0, 21.0, 21.0, 21.0, 21.0, 21.0, 21.0, 21.0, 21.0, 21.0, 21.0, 21.0, 20.0, 20.0, 20.0, 20.0, 20.0, 19.0, 18.0, 18.0, 18.0, 18.0, 18.0, 18.0, 18.0, 18.0, 18.0, 18.0, 18.0, 18.0, 17.0, 15.0, 15.0, 15.0, 15.0, 14.0, 14.0, 14.0, 14.0, 14.0, 14.0, 14.0, 14.0, 14.0, 14.0, 14.0, 14.0, 14.0, 14.0, 14.0, 14.0, 14.0, 14.0, 14.0, 14.0, 14.0, 14.0, 14.0, 14.0, 14.0, 14.0, 14.0, 14.0, 14.0, 14.0, 14.0, 14.0, 14.0, 14.0, 14.0, 14.0, 14.0, 14.0, 14.0, 14.0, 14.0, 14.0, 14.0, 14.0, 14.0, 14.0, 14.0, 14.0, 14.0, 14.0, 14.0, 14.0, 14.0];
u5=[5511.0, 3701.0, 2376.0, 1341.0, 823.0, 615.0, 428.0, 300.0, 237.0, 205.0, 177.0, 160.0, 147.0, 133.0, 124.0, 117.0, 112.0, 104.0, 94.0, 91.0, 90.0, 89.0, 82.0, 78.0, 73.0, 70.0, 68.0, 66.0, 63.0, 61.0, 58.0, 54.0, 53.0, 51.0, 50.0, 47.0, 47.0, 47.0, 43.0, 42.0, 42.0, 41.0, 40.0, 40.0, 40.0, 40.0, 39.0, 38.0, 38.0, 38.0, 37.0, 37.0, 36.0, 35.0, 35.0, 34.0, 34.0, 34.0, 33.0, 33.0, 33.0, 33.0, 32.0, 32.0, 32.0, 31.0, 30.0, 30.0, 28.0, 28.0, 27.0, 26.0, 26.0, 26.0, 25.0, 25.0, 25.0, 25.0, 25.0, 24.0, 24.0, 24.0, 24.0, 23.0, 23.0, 23.0, 23.0, 23.0, 23.0, 23.0, 23.0, 23.0, 23.0, 23.0, 22.0, 21.0, 21.0, 21.0, 21.0, 20.0, 20.0, 20.0, 20.0, 20.0, 19.0, 18.0, 18.0, 18.0, 18.0, 18.0, 18.0, 17.0, 17.0, 17.0, 17.0, 17.0, 17.0, 17.0, 17.0, 17.0, 16.0, 16.0, 16.0, 16.0, 15.0, 15.0, 15.0, 14.0, 13.0, 13.0, 13.0, 13.0, 13.0, 13.0, 12.0, 12.0, 12.0, 12.0, 11.0, 11.0, 11.0, 11.0, 11.0, 11.0, 11.0, 11.0, 11.0, 11.0, 11.0, 11.0, 11.0, 11.0, 11.0, 10.0, 10.0, 10.0, 10.0, 10.0, 10.0, 10.0, 10.0, 10.0, 10.0, 10.0, 9.0, 9.0, 8.0, 7.0, 7.0, 7.0, 7.0, 7.0, 7.0, 7.0, 7.0, 7.0, 7.0, 7.0, 7.0, 7.0, 7.0, 7.0, 7.0, 7.0, 7.0, 7.0, 7.0, 7.0, 7.0, 7.0, 7.0, 7.0, 7.0, 7.0, 7.0, 7.0, 7.0, 7.0, 7.0];
u6=[5295.0, 3496.0, 2326.0, 1499.0, 926.0, 594.0, 442.0, 338.0, 292.0, 247.0, 216.0, 186.0, 166.0, 154.0, 146.0, 134.0, 124.0, 118.0, 111.0, 107.0, 98.0, 98.0, 96.0, 93.0, 84.0, 82.0, 78.0, 77.0, 73.0, 72.0, 70.0, 67.0, 66.0, 62.0, 61.0, 60.0, 59.0, 57.0, 56.0, 54.0, 53.0, 51.0, 50.0, 49.0, 47.0, 47.0, 47.0, 46.0, 44.0, 44.0, 44.0, 43.0, 41.0, 39.0, 37.0, 36.0, 35.0, 35.0, 35.0, 35.0, 35.0, 35.0, 34.0, 33.0, 33.0, 33.0, 33.0, 33.0, 32.0, 32.0, 32.0, 32.0, 32.0, 32.0, 32.0, 32.0, 31.0, 31.0, 31.0, 29.0, 27.0, 27.0, 27.0, 26.0, 25.0, 25.0, 25.0, 25.0, 25.0, 25.0, 25.0, 25.0, 25.0, 25.0, 25.0, 25.0, 24.0, 24.0, 23.0, 22.0, 22.0, 22.0, 22.0, 22.0, 22.0, 22.0, 22.0, 22.0, 22.0, 19.0, 19.0, 18.0, 18.0, 18.0, 18.0, 18.0, 18.0, 18.0, 18.0, 18.0, 18.0, 18.0, 18.0, 18.0, 18.0, 18.0, 18.0, 18.0, 18.0, 17.0, 17.0, 17.0, 16.0, 16.0, 16.0, 16.0, 16.0, 16.0, 16.0, 15.0, 15.0, 15.0, 14.0, 14.0, 14.0, 14.0, 14.0, 14.0, 14.0, 14.0, 14.0, 14.0, 14.0, 13.0, 13.0, 13.0, 13.0, 13.0, 13.0, 13.0, 13.0, 13.0, 13.0, 11.0, 11.0, 11.0, 11.0, 11.0, 11.0, 11.0, 11.0, 11.0, 11.0, 11.0, 11.0, 11.0, 11.0, 11.0, 11.0, 11.0, 11.0, 10.0, 10.0, 10.0, 10.0, 10.0, 9.0, 9.0, 9.0, 9.0, 9.0, 9.0, 9.0, 9.0, 9.0, 9.0, 9.0, 9.0, 9.0];
u7=[5385.0, 3231.0, 2268.0, 1386.0, 945.0, 688.0, 509.0, 365.0, 287.0, 235.0, 200.0, 170.0, 159.0, 149.0, 138.0, 127.0, 125.0, 124.0, 112.0, 107.0, 105.0, 100.0, 93.0, 89.0, 83.0, 81.0, 75.0, 71.0, 68.0, 66.0, 66.0, 63.0, 61.0, 59.0, 58.0, 56.0, 55.0, 51.0, 50.0, 49.0, 49.0, 48.0, 48.0, 47.0, 46.0, 44.0, 44.0, 44.0, 44.0, 42.0, 42.0, 41.0, 41.0, 40.0, 38.0, 38.0, 38.0, 38.0, 36.0, 35.0, 34.0, 34.0, 34.0, 34.0, 33.0, 32.0, 31.0, 30.0, 29.0, 29.0, 27.0, 26.0, 26.0, 25.0, 25.0, 25.0, 25.0, 24.0, 23.0, 23.0, 23.0, 23.0, 23.0, 23.0, 23.0, 23.0, 23.0, 23.0, 23.0, 23.0, 22.0, 21.0, 21.0, 21.0, 21.0, 21.0, 20.0, 20.0, 20.0, 20.0, 20.0, 20.0, 20.0, 20.0, 20.0, 20.0, 20.0, 20.0, 19.0, 19.0, 19.0, 19.0, 19.0, 18.0, 18.0, 18.0, 18.0, 18.0, 18.0, 17.0, 17.0, 16.0, 16.0, 16.0, 16.0, 15.0, 15.0, 15.0, 15.0, 15.0, 15.0, 15.0, 15.0, 15.0, 15.0, 15.0, 15.0, 15.0, 15.0, 14.0, 14.0, 14.0, 14.0, 14.0, 14.0, 14.0, 13.0, 13.0, 13.0, 13.0, 13.0, 13.0, 13.0, 13.0, 13.0, 13.0, 13.0, 13.0, 13.0, 13.0, 13.0, 13.0, 13.0, 13.0, 13.0, 13.0, 13.0, 13.0, 13.0, 13.0, 13.0, 13.0, 13.0, 13.0, 13.0, 13.0, 13.0, 13.0, 13.0, 13.0, 13.0, 13.0, 13.0, 13.0, 13.0, 13.0, 13.0, 13.0, 13.0, 13.0, 13.0, 13.0, 13.0, 13.0, 13.0, 13.0, 13.0, 13.0, 13.0];
u8=[5156.0, 3233.0, 2084.0, 1407.0, 982.0, 683.0, 529.0, 372.0, 294.0, 247.0, 203.0, 172.0, 152.0, 141.0, 131.0, 122.0, 115.0, 103.0, 98.0, 94.0, 90.0, 89.0, 85.0, 81.0, 79.0, 78.0, 74.0, 67.0, 64.0, 62.0, 62.0, 61.0, 61.0, 57.0, 57.0, 56.0, 55.0, 55.0, 54.0, 52.0, 51.0, 49.0, 47.0, 44.0, 44.0, 43.0, 41.0, 40.0, 40.0, 40.0, 39.0, 38.0, 37.0, 37.0, 37.0, 37.0, 37.0, 37.0, 36.0, 33.0, 33.0, 33.0, 32.0, 31.0, 31.0, 31.0, 31.0, 30.0, 28.0, 28.0, 28.0, 28.0, 28.0, 28.0, 28.0, 27.0, 26.0, 26.0, 26.0, 25.0, 25.0, 24.0, 23.0, 22.0, 22.0, 21.0, 21.0, 21.0, 21.0, 21.0, 21.0, 21.0, 21.0, 21.0, 21.0, 21.0, 21.0, 21.0, 20.0, 20.0, 19.0, 18.0, 18.0, 18.0, 18.0, 18.0, 18.0, 18.0, 18.0, 18.0, 18.0, 17.0, 17.0, 17.0, 17.0, 16.0, 16.0, 16.0, 16.0, 16.0, 16.0, 16.0, 16.0, 16.0, 16.0, 16.0, 16.0, 16.0, 16.0, 16.0, 16.0, 16.0, 16.0, 16.0, 15.0, 15.0, 15.0, 15.0, 15.0, 15.0, 15.0, 15.0, 15.0, 15.0, 15.0, 15.0, 15.0, 15.0, 15.0, 15.0, 15.0, 15.0, 15.0, 15.0, 15.0, 15.0, 15.0, 15.0, 15.0, 15.0, 15.0, 15.0, 15.0, 15.0, 14.0, 14.0, 14.0, 14.0, 14.0, 13.0, 13.0, 13.0, 13.0, 13.0, 13.0, 13.0, 13.0, 13.0, 13.0, 13.0, 13.0, 13.0, 13.0, 13.0, 12.0, 12.0, 12.0, 12.0, 12.0, 12.0, 12.0, 12.0, 12.0, 12.0, 12.0, 12.0, 12.0, 12.0, 12.0];
u9=[5202.0, 3260.0, 2232.0, 1395.0, 896.0, 632.0, 455.0, 347.0, 272.0, 220.0, 198.0, 178.0, 163.0, 148.0, 131.0, 124.0, 119.0, 112.0, 106.0, 99.0, 97.0, 92.0, 92.0, 90.0, 86.0, 82.0, 81.0, 77.0, 74.0, 71.0, 71.0, 64.0, 62.0, 59.0, 59.0, 59.0, 58.0, 57.0, 56.0, 55.0, 54.0, 52.0, 50.0, 49.0, 48.0, 46.0, 43.0, 43.0, 43.0, 41.0, 40.0, 40.0, 39.0, 38.0, 37.0, 37.0, 37.0, 36.0, 35.0, 35.0, 35.0, 33.0, 33.0, 33.0, 32.0, 30.0, 29.0, 28.0, 28.0, 28.0, 28.0, 28.0, 27.0, 27.0, 27.0, 27.0, 27.0, 27.0, 27.0, 27.0, 27.0, 27.0, 27.0, 27.0, 27.0, 27.0, 27.0, 27.0, 27.0, 27.0, 27.0, 26.0, 26.0, 26.0, 26.0, 24.0, 24.0, 24.0, 24.0, 24.0, 24.0, 24.0, 24.0, 24.0, 24.0, 24.0, 24.0, 24.0, 24.0, 24.0, 24.0, 24.0, 23.0, 23.0, 22.0, 21.0, 20.0, 20.0, 20.0, 19.0, 19.0, 19.0, 19.0, 19.0, 19.0, 19.0, 19.0, 19.0, 19.0, 18.0, 18.0, 18.0, 17.0, 15.0, 14.0, 14.0, 14.0, 14.0, 14.0, 14.0, 14.0, 14.0, 14.0, 14.0, 14.0, 13.0, 13.0, 13.0, 13.0, 13.0, 11.0, 11.0, 11.0, 11.0, 11.0, 11.0, 11.0, 11.0, 11.0, 11.0, 11.0, 11.0, 11.0, 11.0, 11.0, 11.0, 11.0, 11.0, 11.0, 11.0, 11.0, 11.0, 11.0, 11.0, 11.0, 11.0, 11.0, 11.0, 11.0, 11.0, 11.0, 11.0, 11.0, 11.0, 11.0, 11.0, 11.0, 11.0, 11.0, 11.0, 11.0, 10.0, 10.0, 10.0, 10.0, 10.0, 10.0, 10.0, 10.0];
u=[u0; u1; u2; u3; u4; u5; u6; u7; u8; u9; ];
vect=100*(1:length(u0));
taille = length(u0);
umean=zeros(taille,1);
uintervalleincertitude = zeros(taille,2);
for i = 1:taille;
			umean(i) = mean(u(:,i));
			nombredeVecteurs=length(u(:,1));
			uincertitude(i) = std(u(:,i))/sqrt(nombredeVecteurs);
			uintervalleincertitude(i,1) = umean(i) + uincertitude(i)*1.96;
			uintervalleincertitude(i,2) = umean(i) - uincertitude(i)*1.96;
			end;
plot(vect(taille/2:taille),uintervalleincertitude(taille/2:taille,:));
hold on;
