%Sortie Graphique : 
%Taille Echantillon : 20
%Echantillonnage : 200
%Température de départ : 7000.0
%Température de fin : 1.5


%---------------------------------------------------------------------
%Benchmark :data/le450_25a.col
clear all;
figure;

			%Constante k : 1.0


%Seed du coloriage : -846066163
%Recuit Simulé Exponentiel avec k l energie moyenne
%Nombre d'itération : 50000

u0=[341.0, 345.0, 350.0, 368.0, 337.0, 338.0, 327.0, 336.0, 354.0, 371.0, 348.0, 349.0, 327.0, 329.0, 331.0, 331.0, 327.0, 350.0, 327.0, 330.0, 357.0, 341.0, 330.0, 312.0, 357.0, 322.0, 298.0, 320.0, 321.0, 328.0, 290.0, 305.0, 340.0, 328.0, 315.0, 296.0, 278.0, 280.0, 282.0, 278.0, 277.0, 248.0, 231.0, 213.0, 200.0, 169.0, 155.0, 133.0, 115.0, 102.0, 93.0, 86.0, 82.0, 76.0, 69.0, 65.0, 61.0, 60.0, 57.0, 53.0, 51.0, 50.0, 50.0, 48.0, 46.0, 45.0, 43.0, 41.0, 40.0, 39.0, 39.0, 39.0, 38.0, 35.0, 34.0, 34.0, 33.0, 32.0, 32.0, 31.0, 29.0, 29.0, 28.0, 28.0, 27.0, 27.0, 27.0, 27.0, 25.0, 25.0, 25.0, 25.0, 24.0, 23.0, 22.0, 21.0, 21.0, 21.0, 21.0, 21.0, 20.0, 20.0, 20.0, 20.0, 20.0, 19.0, 19.0, 18.0, 18.0, 18.0, 18.0, 18.0, 17.0, 17.0, 17.0, 17.0, 17.0, 17.0, 17.0, 16.0, 16.0, 15.0, 15.0, 15.0, 15.0, 15.0, 15.0, 13.0, 13.0, 13.0, 13.0, 13.0, 13.0, 13.0, 13.0, 13.0, 13.0, 13.0, 12.0, 12.0, 12.0, 12.0, 12.0, 11.0, 11.0, 11.0, 10.0, 10.0, 10.0, 10.0, 10.0, 10.0, 10.0, 10.0, 10.0, 10.0, 10.0, 10.0, 10.0, 10.0, 10.0, 9.0, 9.0, 9.0, 9.0, 9.0, 9.0, 9.0, 9.0, 9.0, 9.0, 8.0, 8.0, 8.0, 8.0, 7.0, 7.0, 7.0, 7.0, 7.0, 7.0, 7.0, 7.0, 7.0, 7.0, 7.0, 7.0, 7.0, 7.0, 7.0, 7.0, 7.0, 7.0, 7.0, 7.0, 7.0, 7.0, 7.0, 6.0, 6.0, 6.0, 6.0, 6.0, 6.0, 6.0, 6.0, 6.0, 6.0, 6.0, 6.0, 6.0, 6.0, 6.0, 6.0, 6.0, 6.0, 6.0, 6.0, 6.0, 6.0, 6.0, 6.0, 6.0, 6.0, 6.0, 6.0, 6.0, 6.0, 6.0, 6.0, 6.0, 6.0, 6.0, 6.0, 6.0, 6.0, 6.0, 6.0, 6.0, 6.0, 6.0, 6.0, 6.0, 5.0, 5.0, 5.0, 5.0, 5.0, 5.0];
u1=[323.0, 331.0, 341.0, 345.0, 311.0, 317.0, 304.0, 307.0, 338.0, 337.0, 328.0, 334.0, 316.0, 308.0, 301.0, 309.0, 317.0, 342.0, 320.0, 343.0, 344.0, 337.0, 356.0, 317.0, 329.0, 289.0, 309.0, 321.0, 359.0, 361.0, 340.0, 301.0, 320.0, 282.0, 279.0, 273.0, 269.0, 269.0, 245.0, 255.0, 226.0, 227.0, 213.0, 217.0, 203.0, 173.0, 155.0, 137.0, 121.0, 105.0, 90.0, 83.0, 80.0, 75.0, 68.0, 64.0, 62.0, 57.0, 55.0, 51.0, 48.0, 45.0, 45.0, 45.0, 45.0, 44.0, 41.0, 39.0, 38.0, 37.0, 35.0, 33.0, 31.0, 31.0, 30.0, 29.0, 28.0, 26.0, 26.0, 25.0, 24.0, 24.0, 24.0, 24.0, 23.0, 22.0, 22.0, 22.0, 22.0, 21.0, 20.0, 20.0, 20.0, 20.0, 20.0, 20.0, 20.0, 20.0, 20.0, 19.0, 18.0, 18.0, 18.0, 18.0, 18.0, 17.0, 17.0, 17.0, 16.0, 16.0, 16.0, 16.0, 16.0, 16.0, 16.0, 16.0, 16.0, 16.0, 16.0, 16.0, 16.0, 16.0, 16.0, 16.0, 16.0, 15.0, 15.0, 15.0, 15.0, 15.0, 15.0, 15.0, 15.0, 15.0, 15.0, 14.0, 14.0, 14.0, 14.0, 14.0, 14.0, 14.0, 13.0, 13.0, 13.0, 13.0, 13.0, 13.0, 13.0, 13.0, 13.0, 13.0, 13.0, 13.0, 13.0, 13.0, 13.0, 13.0, 13.0, 13.0, 13.0, 13.0, 13.0, 13.0, 13.0, 13.0, 13.0, 13.0, 13.0, 13.0, 13.0, 13.0, 13.0, 13.0, 13.0, 13.0, 13.0, 13.0, 13.0, 13.0, 13.0, 13.0, 13.0, 13.0, 12.0, 11.0, 11.0, 11.0, 11.0, 11.0, 11.0, 11.0, 10.0, 10.0, 10.0, 10.0, 10.0, 10.0, 10.0, 10.0, 10.0, 10.0, 10.0, 9.0, 9.0, 9.0, 9.0, 9.0, 9.0, 9.0, 9.0, 9.0, 9.0, 9.0, 9.0, 9.0, 8.0, 8.0, 8.0, 8.0, 8.0, 8.0, 8.0, 8.0, 8.0, 8.0, 7.0, 7.0, 7.0, 7.0, 6.0, 6.0, 6.0, 6.0, 6.0, 6.0, 5.0, 5.0, 5.0, 5.0, 5.0, 5.0, 5.0, 5.0, 5.0, 5.0, 5.0, 5.0, 5.0];
u2=[336.0, 352.0, 342.0, 330.0, 317.0, 326.0, 335.0, 318.0, 320.0, 337.0, 323.0, 330.0, 347.0, 319.0, 346.0, 324.0, 322.0, 314.0, 321.0, 327.0, 312.0, 356.0, 353.0, 335.0, 334.0, 326.0, 319.0, 298.0, 286.0, 307.0, 313.0, 316.0, 303.0, 297.0, 300.0, 326.0, 279.0, 287.0, 290.0, 275.0, 258.0, 234.0, 221.0, 215.0, 195.0, 176.0, 145.0, 130.0, 114.0, 106.0, 94.0, 88.0, 86.0, 82.0, 79.0, 74.0, 67.0, 64.0, 60.0, 55.0, 52.0, 51.0, 51.0, 50.0, 47.0, 47.0, 46.0, 45.0, 43.0, 41.0, 39.0, 37.0, 37.0, 37.0, 37.0, 37.0, 37.0, 37.0, 37.0, 37.0, 36.0, 34.0, 32.0, 32.0, 32.0, 32.0, 30.0, 30.0, 30.0, 30.0, 30.0, 30.0, 29.0, 28.0, 27.0, 27.0, 27.0, 25.0, 25.0, 24.0, 22.0, 22.0, 22.0, 22.0, 22.0, 22.0, 22.0, 21.0, 21.0, 20.0, 20.0, 19.0, 18.0, 18.0, 18.0, 18.0, 17.0, 17.0, 16.0, 16.0, 15.0, 15.0, 15.0, 14.0, 14.0, 14.0, 14.0, 14.0, 14.0, 14.0, 14.0, 14.0, 14.0, 14.0, 14.0, 14.0, 13.0, 13.0, 13.0, 13.0, 13.0, 12.0, 12.0, 12.0, 12.0, 12.0, 12.0, 12.0, 12.0, 12.0, 12.0, 11.0, 11.0, 11.0, 11.0, 11.0, 10.0, 10.0, 10.0, 10.0, 10.0, 10.0, 10.0, 10.0, 10.0, 10.0, 10.0, 10.0, 10.0, 10.0, 10.0, 10.0, 10.0, 10.0, 10.0, 10.0, 10.0, 10.0, 10.0, 10.0, 10.0, 10.0, 10.0, 10.0, 10.0, 9.0, 9.0, 9.0, 9.0, 9.0, 9.0, 9.0, 9.0, 9.0, 9.0, 9.0, 8.0, 8.0, 8.0, 8.0, 8.0, 8.0, 8.0, 8.0, 8.0, 8.0, 8.0, 8.0, 8.0, 8.0, 8.0, 8.0, 8.0, 8.0, 8.0, 8.0, 8.0, 8.0, 8.0, 8.0, 8.0, 8.0, 8.0, 8.0, 8.0, 8.0, 8.0, 8.0, 8.0, 8.0, 8.0, 8.0, 8.0, 8.0, 8.0, 8.0, 8.0, 8.0, 8.0, 8.0, 8.0, 8.0, 8.0, 8.0, 8.0, 8.0, 8.0, 8.0, 8.0];
u3=[320.0, 317.0, 305.0, 319.0, 340.0, 350.0, 352.0, 345.0, 335.0, 325.0, 320.0, 333.0, 344.0, 356.0, 314.0, 308.0, 314.0, 328.0, 331.0, 337.0, 299.0, 331.0, 329.0, 325.0, 310.0, 322.0, 311.0, 325.0, 341.0, 350.0, 336.0, 313.0, 321.0, 280.0, 282.0, 290.0, 287.0, 278.0, 256.0, 241.0, 254.0, 235.0, 220.0, 214.0, 192.0, 170.0, 147.0, 126.0, 116.0, 102.0, 93.0, 90.0, 83.0, 79.0, 72.0, 66.0, 64.0, 61.0, 59.0, 59.0, 57.0, 54.0, 52.0, 51.0, 46.0, 43.0, 42.0, 42.0, 42.0, 41.0, 41.0, 41.0, 39.0, 38.0, 37.0, 36.0, 36.0, 36.0, 36.0, 34.0, 34.0, 33.0, 32.0, 32.0, 32.0, 32.0, 32.0, 31.0, 31.0, 31.0, 31.0, 30.0, 29.0, 28.0, 26.0, 26.0, 26.0, 26.0, 26.0, 26.0, 25.0, 25.0, 23.0, 23.0, 23.0, 23.0, 23.0, 23.0, 23.0, 23.0, 22.0, 22.0, 22.0, 22.0, 22.0, 21.0, 21.0, 21.0, 21.0, 21.0, 21.0, 21.0, 21.0, 21.0, 21.0, 21.0, 20.0, 20.0, 20.0, 20.0, 20.0, 19.0, 19.0, 18.0, 18.0, 18.0, 18.0, 18.0, 18.0, 18.0, 18.0, 18.0, 18.0, 17.0, 17.0, 17.0, 17.0, 16.0, 16.0, 16.0, 16.0, 16.0, 16.0, 16.0, 16.0, 16.0, 16.0, 16.0, 16.0, 16.0, 16.0, 16.0, 16.0, 16.0, 16.0, 16.0, 16.0, 16.0, 16.0, 16.0, 16.0, 16.0, 16.0, 16.0, 16.0, 16.0, 16.0, 16.0, 16.0, 16.0, 16.0, 16.0, 16.0, 16.0, 16.0, 16.0, 16.0, 16.0, 16.0, 16.0, 16.0, 16.0, 16.0, 16.0, 16.0, 16.0, 16.0, 16.0, 16.0, 16.0, 16.0, 16.0, 16.0, 16.0, 16.0, 16.0, 16.0, 16.0, 16.0, 16.0, 16.0, 16.0, 16.0, 16.0, 16.0, 16.0, 16.0, 16.0, 16.0, 16.0, 16.0, 16.0, 16.0, 16.0, 16.0, 16.0, 16.0, 16.0, 16.0, 16.0, 15.0, 15.0, 15.0, 15.0, 15.0, 15.0, 15.0, 14.0, 14.0, 13.0, 13.0, 13.0, 13.0, 13.0, 13.0, 13.0, 13.0, 13.0, 12.0];
u4=[294.0, 310.0, 346.0, 322.0, 312.0, 320.0, 339.0, 332.0, 309.0, 314.0, 317.0, 346.0, 314.0, 326.0, 336.0, 366.0, 353.0, 357.0, 354.0, 330.0, 334.0, 343.0, 346.0, 348.0, 347.0, 333.0, 316.0, 335.0, 338.0, 341.0, 323.0, 310.0, 315.0, 301.0, 283.0, 289.0, 280.0, 289.0, 274.0, 257.0, 248.0, 251.0, 234.0, 218.0, 198.0, 172.0, 149.0, 123.0, 113.0, 102.0, 98.0, 89.0, 80.0, 76.0, 70.0, 65.0, 62.0, 59.0, 55.0, 51.0, 49.0, 43.0, 40.0, 40.0, 39.0, 39.0, 38.0, 38.0, 36.0, 36.0, 36.0, 35.0, 35.0, 34.0, 32.0, 27.0, 25.0, 23.0, 22.0, 22.0, 21.0, 21.0, 21.0, 20.0, 20.0, 20.0, 20.0, 20.0, 20.0, 19.0, 19.0, 19.0, 17.0, 16.0, 16.0, 16.0, 16.0, 16.0, 16.0, 16.0, 15.0, 15.0, 15.0, 15.0, 14.0, 14.0, 14.0, 13.0, 13.0, 13.0, 12.0, 12.0, 12.0, 12.0, 12.0, 12.0, 12.0, 12.0, 12.0, 12.0, 12.0, 12.0, 12.0, 11.0, 11.0, 11.0, 11.0, 11.0, 11.0, 11.0, 11.0, 11.0, 11.0, 11.0, 11.0, 11.0, 11.0, 11.0, 11.0, 11.0, 11.0, 11.0, 11.0, 11.0, 11.0, 11.0, 11.0, 11.0, 11.0, 11.0, 11.0, 11.0, 11.0, 11.0, 11.0, 11.0, 10.0, 10.0, 9.0, 8.0, 8.0, 8.0, 8.0, 8.0, 8.0, 8.0, 8.0, 8.0, 8.0, 8.0, 8.0, 8.0, 8.0, 8.0, 8.0, 8.0, 8.0, 8.0, 8.0, 8.0, 8.0, 8.0, 8.0, 8.0, 8.0, 8.0, 8.0, 8.0, 8.0, 8.0, 8.0, 7.0, 7.0, 7.0, 7.0, 7.0, 7.0, 7.0, 7.0, 7.0, 7.0, 7.0, 7.0, 7.0, 7.0, 7.0, 7.0, 7.0, 7.0, 7.0, 7.0, 7.0, 7.0, 7.0, 7.0, 7.0, 7.0, 7.0, 7.0, 7.0, 7.0, 7.0, 7.0, 7.0, 6.0, 6.0, 6.0, 6.0, 6.0, 6.0, 6.0, 6.0, 6.0, 5.0, 5.0, 5.0, 5.0, 5.0, 5.0, 5.0, 5.0, 5.0, 5.0, 5.0, 5.0, 5.0, 5.0, 5.0, 5.0];
u5=[333.0, 339.0, 337.0, 293.0, 294.0, 310.0, 326.0, 314.0, 338.0, 328.0, 326.0, 336.0, 323.0, 335.0, 319.0, 332.0, 314.0, 313.0, 301.0, 306.0, 329.0, 328.0, 333.0, 351.0, 318.0, 319.0, 338.0, 305.0, 316.0, 304.0, 314.0, 331.0, 347.0, 316.0, 303.0, 278.0, 289.0, 271.0, 277.0, 257.0, 258.0, 224.0, 209.0, 180.0, 157.0, 146.0, 130.0, 116.0, 100.0, 92.0, 87.0, 81.0, 74.0, 72.0, 68.0, 66.0, 61.0, 57.0, 56.0, 52.0, 47.0, 45.0, 45.0, 44.0, 42.0, 40.0, 40.0, 38.0, 37.0, 37.0, 36.0, 35.0, 32.0, 31.0, 31.0, 30.0, 28.0, 27.0, 25.0, 25.0, 25.0, 25.0, 24.0, 23.0, 22.0, 22.0, 22.0, 22.0, 22.0, 22.0, 20.0, 19.0, 19.0, 19.0, 18.0, 18.0, 18.0, 17.0, 17.0, 17.0, 17.0, 17.0, 17.0, 17.0, 17.0, 17.0, 16.0, 16.0, 16.0, 16.0, 16.0, 16.0, 15.0, 15.0, 15.0, 15.0, 14.0, 14.0, 13.0, 13.0, 13.0, 13.0, 12.0, 12.0, 11.0, 11.0, 11.0, 11.0, 11.0, 11.0, 11.0, 11.0, 11.0, 11.0, 11.0, 11.0, 11.0, 11.0, 11.0, 11.0, 10.0, 10.0, 10.0, 10.0, 10.0, 10.0, 10.0, 10.0, 10.0, 10.0, 10.0, 10.0, 10.0, 10.0, 10.0, 10.0, 10.0, 10.0, 10.0, 10.0, 10.0, 10.0, 9.0, 9.0, 9.0, 9.0, 9.0, 9.0, 9.0, 9.0, 9.0, 9.0, 9.0, 9.0, 9.0, 9.0, 9.0, 9.0, 9.0, 9.0, 9.0, 9.0, 9.0, 9.0, 9.0, 8.0, 8.0, 8.0, 8.0, 8.0, 8.0, 8.0, 7.0, 7.0, 7.0, 7.0, 7.0, 7.0, 7.0, 7.0, 7.0, 7.0, 7.0, 7.0, 7.0, 7.0, 7.0, 7.0, 7.0, 7.0, 7.0, 7.0, 7.0, 7.0, 7.0, 7.0, 7.0, 7.0, 7.0, 7.0, 7.0, 7.0, 7.0, 7.0, 7.0, 7.0, 7.0, 7.0, 7.0, 7.0, 7.0, 7.0, 7.0, 7.0, 7.0, 7.0, 7.0, 7.0, 7.0, 7.0, 7.0, 7.0, 7.0, 7.0, 7.0, 7.0, 7.0, 7.0, 7.0];
u6=[331.0, 337.0, 292.0, 307.0, 315.0, 323.0, 319.0, 321.0, 324.0, 351.0, 345.0, 344.0, 326.0, 307.0, 320.0, 320.0, 333.0, 308.0, 307.0, 312.0, 329.0, 357.0, 348.0, 315.0, 308.0, 327.0, 356.0, 333.0, 338.0, 338.0, 299.0, 324.0, 341.0, 335.0, 310.0, 307.0, 309.0, 299.0, 266.0, 254.0, 260.0, 266.0, 260.0, 240.0, 210.0, 200.0, 189.0, 162.0, 140.0, 124.0, 103.0, 89.0, 84.0, 79.0, 78.0, 74.0, 70.0, 62.0, 61.0, 60.0, 57.0, 54.0, 50.0, 50.0, 48.0, 46.0, 46.0, 45.0, 43.0, 43.0, 42.0, 40.0, 40.0, 40.0, 39.0, 35.0, 34.0, 34.0, 33.0, 32.0, 32.0, 32.0, 29.0, 28.0, 28.0, 28.0, 28.0, 27.0, 27.0, 26.0, 26.0, 26.0, 26.0, 25.0, 25.0, 25.0, 25.0, 25.0, 25.0, 22.0, 21.0, 21.0, 20.0, 19.0, 19.0, 18.0, 18.0, 18.0, 18.0, 18.0, 17.0, 17.0, 17.0, 16.0, 16.0, 16.0, 16.0, 16.0, 15.0, 15.0, 14.0, 14.0, 14.0, 14.0, 14.0, 14.0, 14.0, 14.0, 13.0, 13.0, 13.0, 12.0, 12.0, 11.0, 11.0, 11.0, 11.0, 9.0, 9.0, 9.0, 9.0, 9.0, 9.0, 9.0, 9.0, 9.0, 9.0, 9.0, 9.0, 9.0, 9.0, 9.0, 9.0, 9.0, 9.0, 9.0, 9.0, 9.0, 9.0, 9.0, 9.0, 9.0, 9.0, 9.0, 9.0, 9.0, 9.0, 9.0, 9.0, 9.0, 9.0, 9.0, 9.0, 9.0, 9.0, 9.0, 9.0, 9.0, 9.0, 9.0, 9.0, 9.0, 9.0, 9.0, 9.0, 9.0, 9.0, 9.0, 9.0, 9.0, 9.0, 9.0, 9.0, 9.0, 9.0, 9.0, 9.0, 9.0, 9.0, 9.0, 9.0, 9.0, 9.0, 9.0, 9.0, 9.0, 9.0, 9.0, 9.0, 9.0, 9.0, 9.0, 9.0, 9.0, 9.0, 9.0, 9.0, 8.0, 8.0, 8.0, 8.0, 8.0, 8.0, 8.0, 8.0, 8.0, 8.0, 8.0, 8.0, 8.0, 8.0, 8.0, 8.0, 8.0, 8.0, 8.0, 8.0, 8.0, 8.0, 8.0, 7.0, 7.0, 7.0, 7.0, 7.0, 7.0, 7.0, 7.0, 7.0];
u7=[330.0, 338.0, 338.0, 328.0, 337.0, 343.0, 316.0, 344.0, 341.0, 342.0, 338.0, 285.0, 312.0, 314.0, 279.0, 324.0, 321.0, 350.0, 333.0, 334.0, 313.0, 322.0, 307.0, 320.0, 355.0, 352.0, 346.0, 366.0, 332.0, 315.0, 305.0, 325.0, 318.0, 301.0, 305.0, 319.0, 299.0, 301.0, 287.0, 273.0, 246.0, 232.0, 203.0, 184.0, 176.0, 167.0, 146.0, 130.0, 116.0, 105.0, 95.0, 86.0, 80.0, 77.0, 72.0, 70.0, 66.0, 63.0, 61.0, 59.0, 58.0, 56.0, 55.0, 52.0, 46.0, 43.0, 42.0, 41.0, 41.0, 39.0, 37.0, 35.0, 34.0, 33.0, 32.0, 30.0, 29.0, 29.0, 29.0, 28.0, 28.0, 28.0, 27.0, 27.0, 26.0, 26.0, 26.0, 25.0, 24.0, 24.0, 24.0, 24.0, 24.0, 23.0, 23.0, 23.0, 23.0, 22.0, 22.0, 21.0, 21.0, 21.0, 19.0, 19.0, 19.0, 19.0, 19.0, 19.0, 19.0, 19.0, 19.0, 18.0, 18.0, 18.0, 18.0, 16.0, 16.0, 16.0, 16.0, 16.0, 16.0, 16.0, 15.0, 15.0, 15.0, 15.0, 15.0, 15.0, 15.0, 15.0, 14.0, 14.0, 14.0, 13.0, 13.0, 13.0, 12.0, 12.0, 12.0, 12.0, 12.0, 12.0, 12.0, 12.0, 12.0, 12.0, 12.0, 12.0, 12.0, 12.0, 12.0, 12.0, 12.0, 11.0, 11.0, 11.0, 10.0, 10.0, 10.0, 10.0, 10.0, 10.0, 10.0, 10.0, 10.0, 10.0, 9.0, 9.0, 8.0, 8.0, 8.0, 8.0, 8.0, 8.0, 8.0, 8.0, 8.0, 8.0, 8.0, 8.0, 8.0, 8.0, 8.0, 8.0, 8.0, 8.0, 8.0, 8.0, 7.0, 7.0, 7.0, 7.0, 7.0, 7.0, 7.0, 7.0, 7.0, 7.0, 7.0, 7.0, 7.0, 7.0, 7.0, 7.0, 7.0, 7.0, 7.0, 7.0, 7.0, 7.0, 7.0, 7.0, 7.0, 7.0, 7.0, 7.0, 7.0, 7.0, 7.0, 7.0, 7.0, 7.0, 7.0, 7.0, 7.0, 7.0, 7.0, 7.0, 7.0, 7.0, 7.0, 7.0, 7.0, 7.0, 7.0, 7.0, 7.0, 7.0, 7.0, 7.0, 7.0, 7.0, 7.0, 7.0, 7.0, 7.0, 7.0, 7.0, 7.0];
u8=[329.0, 334.0, 348.0, 332.0, 326.0, 327.0, 339.0, 352.0, 335.0, 338.0, 322.0, 324.0, 308.0, 330.0, 330.0, 331.0, 330.0, 335.0, 334.0, 347.0, 325.0, 341.0, 347.0, 337.0, 350.0, 331.0, 314.0, 317.0, 351.0, 345.0, 324.0, 323.0, 325.0, 312.0, 289.0, 302.0, 292.0, 262.0, 272.0, 276.0, 251.0, 222.0, 228.0, 216.0, 190.0, 168.0, 149.0, 120.0, 109.0, 100.0, 83.0, 77.0, 71.0, 67.0, 65.0, 65.0, 63.0, 60.0, 59.0, 59.0, 56.0, 55.0, 53.0, 53.0, 53.0, 51.0, 50.0, 46.0, 45.0, 41.0, 39.0, 37.0, 34.0, 34.0, 33.0, 32.0, 32.0, 32.0, 31.0, 30.0, 30.0, 28.0, 28.0, 26.0, 23.0, 23.0, 23.0, 23.0, 23.0, 23.0, 23.0, 23.0, 22.0, 22.0, 21.0, 21.0, 21.0, 21.0, 21.0, 21.0, 21.0, 21.0, 21.0, 20.0, 20.0, 20.0, 20.0, 19.0, 19.0, 19.0, 19.0, 18.0, 17.0, 17.0, 16.0, 16.0, 16.0, 16.0, 15.0, 15.0, 15.0, 15.0, 15.0, 15.0, 15.0, 15.0, 15.0, 15.0, 15.0, 15.0, 15.0, 15.0, 15.0, 15.0, 15.0, 15.0, 15.0, 15.0, 15.0, 15.0, 15.0, 15.0, 15.0, 15.0, 15.0, 15.0, 15.0, 15.0, 15.0, 15.0, 15.0, 14.0, 14.0, 14.0, 14.0, 14.0, 14.0, 14.0, 14.0, 14.0, 14.0, 13.0, 13.0, 13.0, 13.0, 13.0, 13.0, 13.0, 13.0, 13.0, 13.0, 13.0, 13.0, 13.0, 13.0, 12.0, 12.0, 12.0, 12.0, 12.0, 11.0, 11.0, 11.0, 11.0, 11.0, 11.0, 11.0, 11.0, 11.0, 11.0, 11.0, 11.0, 11.0, 11.0, 11.0, 11.0, 11.0, 11.0, 11.0, 11.0, 11.0, 11.0, 11.0, 11.0, 11.0, 11.0, 11.0, 11.0, 11.0, 11.0, 11.0, 11.0, 11.0, 11.0, 10.0, 9.0, 8.0, 8.0, 8.0, 8.0, 8.0, 8.0, 8.0, 8.0, 8.0, 8.0, 8.0, 8.0, 8.0, 8.0, 8.0, 8.0, 8.0, 8.0, 8.0, 8.0, 8.0, 8.0, 8.0, 8.0, 8.0, 8.0, 8.0, 8.0, 8.0, 8.0, 8.0, 8.0, 8.0];
u9=[341.0, 299.0, 310.0, 333.0, 322.0, 318.0, 324.0, 328.0, 338.0, 303.0, 294.0, 325.0, 362.0, 322.0, 346.0, 310.0, 312.0, 309.0, 333.0, 340.0, 332.0, 330.0, 347.0, 316.0, 313.0, 300.0, 310.0, 310.0, 304.0, 304.0, 280.0, 311.0, 298.0, 320.0, 328.0, 318.0, 304.0, 297.0, 275.0, 246.0, 248.0, 242.0, 225.0, 195.0, 188.0, 163.0, 145.0, 129.0, 121.0, 112.0, 102.0, 97.0, 91.0, 82.0, 78.0, 72.0, 68.0, 64.0, 62.0, 57.0, 55.0, 54.0, 52.0, 51.0, 46.0, 43.0, 42.0, 40.0, 38.0, 38.0, 37.0, 36.0, 36.0, 36.0, 36.0, 36.0, 33.0, 32.0, 32.0, 32.0, 31.0, 30.0, 29.0, 29.0, 29.0, 28.0, 28.0, 27.0, 26.0, 25.0, 25.0, 23.0, 23.0, 23.0, 23.0, 23.0, 23.0, 23.0, 23.0, 23.0, 22.0, 22.0, 22.0, 22.0, 22.0, 22.0, 21.0, 20.0, 20.0, 20.0, 19.0, 19.0, 19.0, 18.0, 18.0, 18.0, 18.0, 18.0, 18.0, 18.0, 18.0, 18.0, 18.0, 18.0, 18.0, 18.0, 18.0, 17.0, 17.0, 16.0, 16.0, 15.0, 15.0, 15.0, 15.0, 15.0, 15.0, 15.0, 15.0, 15.0, 15.0, 15.0, 15.0, 15.0, 15.0, 15.0, 15.0, 15.0, 15.0, 14.0, 14.0, 14.0, 14.0, 14.0, 14.0, 14.0, 14.0, 14.0, 13.0, 12.0, 12.0, 12.0, 12.0, 12.0, 12.0, 12.0, 12.0, 12.0, 12.0, 12.0, 12.0, 12.0, 12.0, 12.0, 12.0, 12.0, 12.0, 12.0, 12.0, 12.0, 12.0, 12.0, 12.0, 12.0, 12.0, 12.0, 11.0, 11.0, 11.0, 11.0, 11.0, 11.0, 10.0, 10.0, 10.0, 10.0, 10.0, 10.0, 10.0, 10.0, 10.0, 10.0, 10.0, 10.0, 10.0, 10.0, 10.0, 10.0, 10.0, 10.0, 10.0, 10.0, 10.0, 10.0, 10.0, 10.0, 10.0, 10.0, 10.0, 10.0, 10.0, 10.0, 10.0, 10.0, 10.0, 10.0, 10.0, 10.0, 10.0, 10.0, 10.0, 10.0, 10.0, 10.0, 10.0, 10.0, 10.0, 10.0, 10.0, 10.0, 10.0, 10.0, 10.0, 10.0, 10.0, 10.0, 10.0, 10.0, 10.0];
u10=[309.0, 326.0, 328.0, 333.0, 339.0, 329.0, 326.0, 339.0, 329.0, 348.0, 335.0, 336.0, 328.0, 333.0, 325.0, 301.0, 298.0, 288.0, 314.0, 342.0, 346.0, 322.0, 328.0, 332.0, 330.0, 324.0, 322.0, 309.0, 309.0, 303.0, 324.0, 328.0, 325.0, 322.0, 310.0, 276.0, 290.0, 294.0, 286.0, 259.0, 238.0, 243.0, 206.0, 202.0, 178.0, 160.0, 137.0, 120.0, 108.0, 98.0, 92.0, 80.0, 74.0, 71.0, 66.0, 61.0, 56.0, 53.0, 49.0, 48.0, 47.0, 45.0, 42.0, 41.0, 40.0, 39.0, 38.0, 36.0, 35.0, 35.0, 35.0, 35.0, 34.0, 34.0, 34.0, 32.0, 29.0, 29.0, 28.0, 27.0, 26.0, 26.0, 26.0, 26.0, 26.0, 24.0, 24.0, 24.0, 23.0, 23.0, 22.0, 22.0, 22.0, 20.0, 20.0, 20.0, 20.0, 20.0, 20.0, 20.0, 19.0, 18.0, 17.0, 16.0, 16.0, 16.0, 16.0, 16.0, 16.0, 16.0, 16.0, 16.0, 16.0, 16.0, 16.0, 16.0, 16.0, 16.0, 14.0, 14.0, 14.0, 14.0, 14.0, 14.0, 13.0, 13.0, 13.0, 13.0, 13.0, 13.0, 13.0, 12.0, 12.0, 12.0, 12.0, 12.0, 12.0, 12.0, 12.0, 12.0, 12.0, 12.0, 12.0, 12.0, 12.0, 12.0, 12.0, 11.0, 11.0, 11.0, 11.0, 11.0, 11.0, 11.0, 11.0, 11.0, 11.0, 11.0, 11.0, 11.0, 10.0, 10.0, 10.0, 10.0, 10.0, 10.0, 10.0, 10.0, 10.0, 9.0, 9.0, 9.0, 9.0, 9.0, 8.0, 8.0, 8.0, 8.0, 7.0, 7.0, 7.0, 7.0, 7.0, 7.0, 7.0, 7.0, 7.0, 7.0, 7.0, 7.0, 7.0, 7.0, 6.0, 6.0, 6.0, 6.0, 6.0, 6.0, 6.0, 6.0, 6.0, 6.0, 6.0, 6.0, 6.0, 6.0, 6.0, 6.0, 5.0, 5.0, 5.0, 5.0, 5.0, 5.0, 5.0, 5.0, 5.0, 5.0, 5.0, 5.0, 5.0, 5.0, 5.0, 5.0, 5.0, 5.0, 5.0, 5.0, 5.0, 5.0, 5.0, 5.0, 5.0, 5.0, 5.0, 5.0, 4.0, 4.0, 4.0, 4.0, 4.0, 4.0, 4.0, 4.0, 4.0, 4.0, 4.0, 4.0, 4.0];
u11=[337.0, 336.0, 298.0, 337.0, 328.0, 314.0, 303.0, 308.0, 315.0, 352.0, 330.0, 330.0, 316.0, 332.0, 327.0, 337.0, 322.0, 346.0, 312.0, 321.0, 307.0, 305.0, 314.0, 375.0, 334.0, 329.0, 314.0, 358.0, 336.0, 310.0, 302.0, 296.0, 306.0, 316.0, 298.0, 320.0, 301.0, 293.0, 271.0, 258.0, 244.0, 217.0, 202.0, 190.0, 170.0, 149.0, 128.0, 111.0, 99.0, 91.0, 85.0, 79.0, 77.0, 75.0, 70.0, 65.0, 63.0, 62.0, 58.0, 57.0, 56.0, 54.0, 54.0, 48.0, 42.0, 41.0, 38.0, 38.0, 36.0, 36.0, 34.0, 33.0, 33.0, 32.0, 32.0, 30.0, 30.0, 29.0, 29.0, 28.0, 28.0, 28.0, 28.0, 27.0, 25.0, 24.0, 23.0, 23.0, 23.0, 23.0, 22.0, 21.0, 21.0, 21.0, 20.0, 20.0, 20.0, 20.0, 20.0, 19.0, 19.0, 19.0, 18.0, 18.0, 18.0, 18.0, 18.0, 18.0, 18.0, 18.0, 18.0, 16.0, 16.0, 16.0, 15.0, 15.0, 15.0, 15.0, 14.0, 14.0, 14.0, 14.0, 14.0, 14.0, 14.0, 14.0, 14.0, 14.0, 14.0, 14.0, 14.0, 14.0, 14.0, 14.0, 14.0, 14.0, 13.0, 13.0, 13.0, 12.0, 12.0, 12.0, 12.0, 12.0, 12.0, 12.0, 12.0, 12.0, 12.0, 12.0, 12.0, 12.0, 12.0, 12.0, 12.0, 12.0, 12.0, 12.0, 12.0, 12.0, 11.0, 11.0, 11.0, 11.0, 11.0, 11.0, 11.0, 11.0, 11.0, 11.0, 11.0, 11.0, 11.0, 11.0, 11.0, 11.0, 11.0, 11.0, 11.0, 11.0, 11.0, 11.0, 11.0, 11.0, 11.0, 11.0, 11.0, 11.0, 11.0, 11.0, 11.0, 11.0, 11.0, 11.0, 11.0, 11.0, 11.0, 11.0, 11.0, 11.0, 11.0, 11.0, 11.0, 11.0, 10.0, 10.0, 10.0, 10.0, 10.0, 10.0, 10.0, 10.0, 9.0, 9.0, 9.0, 9.0, 7.0, 7.0, 7.0, 7.0, 7.0, 7.0, 7.0, 7.0, 7.0, 7.0, 7.0, 7.0, 7.0, 6.0, 6.0, 6.0, 6.0, 6.0, 6.0, 6.0, 6.0, 6.0, 6.0, 6.0, 6.0, 6.0, 6.0, 6.0, 6.0, 6.0, 6.0, 6.0, 5.0];
u12=[302.0, 306.0, 317.0, 302.0, 327.0, 330.0, 329.0, 332.0, 325.0, 347.0, 342.0, 356.0, 333.0, 320.0, 319.0, 319.0, 330.0, 319.0, 327.0, 323.0, 342.0, 319.0, 361.0, 347.0, 324.0, 324.0, 343.0, 318.0, 332.0, 355.0, 335.0, 312.0, 322.0, 294.0, 286.0, 277.0, 289.0, 268.0, 278.0, 298.0, 258.0, 253.0, 238.0, 222.0, 191.0, 162.0, 136.0, 120.0, 102.0, 90.0, 80.0, 75.0, 71.0, 68.0, 65.0, 62.0, 59.0, 56.0, 55.0, 54.0, 52.0, 49.0, 49.0, 48.0, 46.0, 43.0, 42.0, 41.0, 40.0, 40.0, 38.0, 36.0, 35.0, 35.0, 34.0, 34.0, 32.0, 32.0, 29.0, 29.0, 27.0, 27.0, 26.0, 25.0, 25.0, 25.0, 24.0, 24.0, 23.0, 22.0, 22.0, 22.0, 22.0, 21.0, 21.0, 21.0, 21.0, 21.0, 21.0, 21.0, 21.0, 21.0, 21.0, 19.0, 19.0, 19.0, 19.0, 18.0, 18.0, 18.0, 18.0, 18.0, 18.0, 18.0, 17.0, 17.0, 17.0, 17.0, 17.0, 17.0, 17.0, 17.0, 16.0, 16.0, 16.0, 16.0, 16.0, 16.0, 16.0, 16.0, 16.0, 16.0, 16.0, 15.0, 15.0, 14.0, 14.0, 14.0, 14.0, 14.0, 14.0, 14.0, 14.0, 14.0, 14.0, 14.0, 14.0, 14.0, 14.0, 13.0, 13.0, 13.0, 13.0, 13.0, 13.0, 13.0, 12.0, 11.0, 11.0, 10.0, 10.0, 10.0, 10.0, 10.0, 10.0, 10.0, 10.0, 10.0, 10.0, 10.0, 10.0, 10.0, 10.0, 10.0, 10.0, 10.0, 10.0, 10.0, 10.0, 10.0, 10.0, 10.0, 10.0, 10.0, 10.0, 10.0, 10.0, 10.0, 10.0, 10.0, 10.0, 10.0, 10.0, 10.0, 10.0, 10.0, 10.0, 10.0, 10.0, 10.0, 10.0, 10.0, 10.0, 10.0, 10.0, 9.0, 9.0, 9.0, 9.0, 9.0, 9.0, 9.0, 9.0, 9.0, 9.0, 9.0, 9.0, 9.0, 9.0, 9.0, 8.0, 8.0, 8.0, 8.0, 8.0, 8.0, 8.0, 8.0, 8.0, 6.0, 6.0, 6.0, 6.0, 6.0, 6.0, 6.0, 6.0, 6.0, 6.0, 6.0, 6.0, 6.0, 6.0, 6.0, 6.0, 6.0, 6.0, 6.0, 6.0];
u13=[350.0, 348.0, 323.0, 337.0, 346.0, 303.0, 304.0, 326.0, 320.0, 313.0, 312.0, 296.0, 327.0, 289.0, 324.0, 344.0, 338.0, 317.0, 315.0, 343.0, 326.0, 316.0, 320.0, 327.0, 331.0, 346.0, 337.0, 323.0, 305.0, 338.0, 334.0, 339.0, 299.0, 292.0, 298.0, 302.0, 293.0, 296.0, 292.0, 266.0, 242.0, 222.0, 206.0, 188.0, 177.0, 152.0, 133.0, 117.0, 106.0, 97.0, 93.0, 85.0, 80.0, 73.0, 72.0, 65.0, 63.0, 60.0, 56.0, 50.0, 45.0, 44.0, 43.0, 41.0, 39.0, 38.0, 35.0, 34.0, 34.0, 33.0, 33.0, 33.0, 33.0, 32.0, 31.0, 30.0, 28.0, 28.0, 28.0, 28.0, 28.0, 26.0, 25.0, 25.0, 25.0, 25.0, 25.0, 25.0, 25.0, 24.0, 24.0, 24.0, 24.0, 24.0, 24.0, 24.0, 24.0, 24.0, 24.0, 23.0, 23.0, 23.0, 22.0, 21.0, 21.0, 20.0, 18.0, 18.0, 18.0, 18.0, 18.0, 18.0, 18.0, 18.0, 18.0, 18.0, 18.0, 18.0, 18.0, 18.0, 18.0, 17.0, 17.0, 17.0, 17.0, 17.0, 17.0, 14.0, 14.0, 14.0, 14.0, 14.0, 14.0, 14.0, 12.0, 12.0, 12.0, 12.0, 12.0, 11.0, 11.0, 11.0, 11.0, 11.0, 10.0, 10.0, 10.0, 10.0, 10.0, 9.0, 9.0, 9.0, 9.0, 9.0, 9.0, 9.0, 9.0, 9.0, 9.0, 8.0, 8.0, 8.0, 8.0, 8.0, 8.0, 8.0, 8.0, 8.0, 8.0, 8.0, 8.0, 8.0, 8.0, 8.0, 8.0, 8.0, 8.0, 8.0, 8.0, 8.0, 8.0, 8.0, 8.0, 8.0, 8.0, 8.0, 8.0, 8.0, 8.0, 8.0, 8.0, 8.0, 8.0, 8.0, 8.0, 8.0, 8.0, 7.0, 7.0, 7.0, 7.0, 6.0, 6.0, 6.0, 6.0, 6.0, 6.0, 6.0, 6.0, 6.0, 6.0, 6.0, 6.0, 6.0, 6.0, 6.0, 6.0, 6.0, 6.0, 6.0, 6.0, 6.0, 6.0, 6.0, 6.0, 6.0, 6.0, 6.0, 6.0, 6.0, 6.0, 6.0, 6.0, 6.0, 6.0, 6.0, 6.0, 6.0, 6.0, 6.0, 6.0, 6.0, 6.0, 6.0, 6.0, 6.0, 6.0, 6.0, 6.0];
u14=[355.0, 343.0, 340.0, 352.0, 344.0, 338.0, 346.0, 343.0, 367.0, 331.0, 300.0, 316.0, 336.0, 321.0, 357.0, 335.0, 340.0, 321.0, 298.0, 323.0, 335.0, 357.0, 341.0, 314.0, 318.0, 317.0, 313.0, 334.0, 326.0, 291.0, 284.0, 285.0, 308.0, 309.0, 291.0, 289.0, 283.0, 267.0, 255.0, 254.0, 267.0, 252.0, 226.0, 203.0, 182.0, 156.0, 142.0, 123.0, 110.0, 99.0, 86.0, 75.0, 67.0, 63.0, 61.0, 58.0, 56.0, 55.0, 53.0, 51.0, 51.0, 49.0, 49.0, 46.0, 46.0, 45.0, 43.0, 40.0, 39.0, 38.0, 37.0, 36.0, 32.0, 32.0, 32.0, 31.0, 31.0, 31.0, 31.0, 31.0, 31.0, 31.0, 30.0, 27.0, 27.0, 27.0, 24.0, 24.0, 24.0, 23.0, 21.0, 21.0, 21.0, 21.0, 21.0, 20.0, 19.0, 17.0, 17.0, 17.0, 17.0, 16.0, 16.0, 16.0, 15.0, 14.0, 14.0, 14.0, 14.0, 14.0, 14.0, 14.0, 14.0, 14.0, 14.0, 14.0, 14.0, 14.0, 14.0, 14.0, 14.0, 14.0, 13.0, 13.0, 13.0, 13.0, 13.0, 13.0, 13.0, 13.0, 13.0, 13.0, 13.0, 13.0, 12.0, 12.0, 12.0, 12.0, 12.0, 12.0, 12.0, 12.0, 12.0, 12.0, 12.0, 12.0, 12.0, 12.0, 12.0, 12.0, 11.0, 11.0, 11.0, 11.0, 11.0, 11.0, 11.0, 11.0, 11.0, 11.0, 11.0, 11.0, 11.0, 11.0, 11.0, 11.0, 11.0, 11.0, 11.0, 11.0, 11.0, 11.0, 10.0, 10.0, 10.0, 10.0, 10.0, 10.0, 10.0, 10.0, 10.0, 10.0, 10.0, 10.0, 10.0, 10.0, 10.0, 10.0, 10.0, 10.0, 10.0, 10.0, 10.0, 10.0, 10.0, 10.0, 10.0, 10.0, 10.0, 10.0, 10.0, 10.0, 10.0, 10.0, 10.0, 10.0, 10.0, 10.0, 10.0, 10.0, 9.0, 9.0, 9.0, 9.0, 9.0, 9.0, 9.0, 9.0, 9.0, 9.0, 9.0, 9.0, 9.0, 9.0, 9.0, 9.0, 9.0, 9.0, 9.0, 9.0, 9.0, 9.0, 9.0, 9.0, 9.0, 9.0, 9.0, 9.0, 9.0, 9.0, 9.0, 9.0, 9.0, 9.0, 9.0, 9.0, 9.0, 9.0, 9.0];
u15=[320.0, 331.0, 317.0, 322.0, 304.0, 311.0, 343.0, 337.0, 343.0, 331.0, 310.0, 316.0, 330.0, 325.0, 334.0, 355.0, 354.0, 323.0, 308.0, 323.0, 312.0, 318.0, 318.0, 352.0, 352.0, 348.0, 327.0, 324.0, 296.0, 313.0, 311.0, 311.0, 314.0, 308.0, 275.0, 296.0, 249.0, 244.0, 231.0, 209.0, 221.0, 225.0, 206.0, 183.0, 175.0, 163.0, 142.0, 127.0, 113.0, 107.0, 95.0, 85.0, 79.0, 76.0, 65.0, 61.0, 58.0, 55.0, 51.0, 50.0, 49.0, 48.0, 45.0, 42.0, 41.0, 40.0, 38.0, 35.0, 35.0, 34.0, 34.0, 32.0, 32.0, 32.0, 32.0, 31.0, 31.0, 31.0, 31.0, 31.0, 30.0, 30.0, 30.0, 30.0, 30.0, 28.0, 27.0, 26.0, 25.0, 25.0, 25.0, 25.0, 25.0, 25.0, 25.0, 25.0, 25.0, 25.0, 25.0, 24.0, 24.0, 24.0, 23.0, 23.0, 22.0, 22.0, 22.0, 22.0, 22.0, 20.0, 20.0, 20.0, 20.0, 20.0, 18.0, 17.0, 17.0, 17.0, 17.0, 17.0, 16.0, 16.0, 16.0, 16.0, 16.0, 16.0, 16.0, 15.0, 15.0, 15.0, 15.0, 15.0, 14.0, 14.0, 14.0, 14.0, 14.0, 14.0, 14.0, 14.0, 14.0, 13.0, 13.0, 13.0, 13.0, 13.0, 13.0, 13.0, 13.0, 13.0, 13.0, 13.0, 13.0, 12.0, 12.0, 12.0, 12.0, 12.0, 12.0, 12.0, 12.0, 12.0, 12.0, 12.0, 12.0, 12.0, 12.0, 11.0, 11.0, 11.0, 11.0, 11.0, 10.0, 10.0, 10.0, 10.0, 10.0, 10.0, 10.0, 10.0, 10.0, 10.0, 10.0, 10.0, 10.0, 10.0, 10.0, 10.0, 10.0, 10.0, 10.0, 10.0, 10.0, 10.0, 10.0, 10.0, 10.0, 10.0, 10.0, 10.0, 9.0, 9.0, 9.0, 9.0, 9.0, 9.0, 9.0, 9.0, 9.0, 9.0, 9.0, 9.0, 9.0, 9.0, 9.0, 9.0, 9.0, 9.0, 9.0, 9.0, 9.0, 9.0, 9.0, 9.0, 9.0, 9.0, 9.0, 8.0, 8.0, 8.0, 8.0, 8.0, 8.0, 8.0, 8.0, 8.0, 8.0, 8.0, 8.0, 8.0, 8.0, 8.0, 8.0, 8.0, 8.0, 8.0, 8.0, 8.0, 8.0];
u16=[330.0, 353.0, 344.0, 325.0, 331.0, 333.0, 312.0, 335.0, 325.0, 309.0, 329.0, 317.0, 317.0, 316.0, 322.0, 329.0, 327.0, 317.0, 332.0, 314.0, 328.0, 333.0, 342.0, 334.0, 329.0, 335.0, 321.0, 311.0, 305.0, 282.0, 319.0, 312.0, 296.0, 312.0, 311.0, 308.0, 292.0, 289.0, 269.0, 261.0, 246.0, 229.0, 219.0, 212.0, 188.0, 157.0, 152.0, 131.0, 112.0, 103.0, 93.0, 87.0, 78.0, 74.0, 69.0, 67.0, 63.0, 62.0, 60.0, 55.0, 52.0, 51.0, 48.0, 46.0, 43.0, 40.0, 40.0, 40.0, 38.0, 38.0, 37.0, 36.0, 36.0, 36.0, 36.0, 34.0, 33.0, 32.0, 31.0, 31.0, 31.0, 30.0, 29.0, 27.0, 27.0, 26.0, 26.0, 25.0, 25.0, 25.0, 25.0, 25.0, 25.0, 24.0, 23.0, 23.0, 23.0, 23.0, 23.0, 23.0, 23.0, 22.0, 22.0, 20.0, 20.0, 20.0, 20.0, 20.0, 19.0, 19.0, 19.0, 19.0, 19.0, 18.0, 17.0, 17.0, 17.0, 17.0, 17.0, 17.0, 17.0, 17.0, 17.0, 17.0, 17.0, 16.0, 14.0, 14.0, 14.0, 14.0, 14.0, 14.0, 14.0, 14.0, 14.0, 14.0, 14.0, 14.0, 14.0, 14.0, 14.0, 14.0, 14.0, 14.0, 13.0, 13.0, 13.0, 12.0, 12.0, 12.0, 12.0, 11.0, 11.0, 11.0, 11.0, 11.0, 11.0, 11.0, 11.0, 11.0, 11.0, 11.0, 11.0, 11.0, 11.0, 11.0, 11.0, 11.0, 11.0, 11.0, 10.0, 10.0, 10.0, 10.0, 10.0, 10.0, 10.0, 10.0, 10.0, 10.0, 10.0, 10.0, 10.0, 10.0, 10.0, 10.0, 10.0, 10.0, 10.0, 10.0, 10.0, 10.0, 10.0, 10.0, 10.0, 10.0, 10.0, 10.0, 10.0, 10.0, 10.0, 10.0, 10.0, 10.0, 10.0, 10.0, 10.0, 10.0, 10.0, 10.0, 10.0, 9.0, 9.0, 9.0, 9.0, 9.0, 9.0, 9.0, 9.0, 8.0, 8.0, 8.0, 8.0, 8.0, 8.0, 8.0, 8.0, 8.0, 8.0, 8.0, 8.0, 8.0, 8.0, 8.0, 8.0, 8.0, 8.0, 8.0, 8.0, 8.0, 8.0, 8.0, 8.0, 8.0, 8.0, 8.0, 8.0, 8.0, 8.0];
u17=[342.0, 313.0, 309.0, 301.0, 302.0, 320.0, 335.0, 369.0, 336.0, 349.0, 346.0, 316.0, 309.0, 339.0, 318.0, 323.0, 354.0, 339.0, 317.0, 329.0, 334.0, 326.0, 326.0, 310.0, 328.0, 317.0, 323.0, 311.0, 308.0, 319.0, 323.0, 318.0, 314.0, 303.0, 297.0, 293.0, 291.0, 265.0, 261.0, 250.0, 222.0, 203.0, 237.0, 239.0, 216.0, 192.0, 181.0, 162.0, 140.0, 123.0, 115.0, 105.0, 92.0, 88.0, 80.0, 76.0, 73.0, 71.0, 65.0, 61.0, 57.0, 56.0, 51.0, 50.0, 50.0, 45.0, 45.0, 44.0, 43.0, 42.0, 40.0, 39.0, 37.0, 36.0, 35.0, 35.0, 35.0, 35.0, 34.0, 33.0, 32.0, 31.0, 31.0, 29.0, 29.0, 27.0, 27.0, 27.0, 26.0, 25.0, 25.0, 24.0, 24.0, 24.0, 23.0, 22.0, 22.0, 22.0, 22.0, 21.0, 19.0, 19.0, 19.0, 18.0, 18.0, 18.0, 18.0, 18.0, 18.0, 18.0, 18.0, 18.0, 18.0, 18.0, 18.0, 17.0, 17.0, 17.0, 16.0, 16.0, 16.0, 15.0, 15.0, 15.0, 15.0, 15.0, 15.0, 15.0, 15.0, 15.0, 15.0, 15.0, 15.0, 15.0, 15.0, 15.0, 15.0, 15.0, 15.0, 15.0, 15.0, 15.0, 15.0, 15.0, 14.0, 14.0, 13.0, 13.0, 13.0, 13.0, 13.0, 13.0, 13.0, 13.0, 13.0, 12.0, 11.0, 11.0, 11.0, 11.0, 11.0, 11.0, 11.0, 11.0, 11.0, 11.0, 11.0, 11.0, 11.0, 11.0, 11.0, 11.0, 11.0, 11.0, 11.0, 11.0, 11.0, 10.0, 10.0, 10.0, 10.0, 10.0, 10.0, 10.0, 10.0, 10.0, 10.0, 10.0, 10.0, 10.0, 10.0, 10.0, 10.0, 10.0, 10.0, 10.0, 10.0, 10.0, 10.0, 10.0, 10.0, 10.0, 10.0, 10.0, 9.0, 9.0, 9.0, 9.0, 9.0, 9.0, 9.0, 9.0, 9.0, 9.0, 9.0, 9.0, 9.0, 9.0, 9.0, 9.0, 9.0, 9.0, 9.0, 9.0, 9.0, 9.0, 9.0, 9.0, 8.0, 7.0, 7.0, 7.0, 7.0, 7.0, 7.0, 7.0, 7.0, 7.0, 7.0, 7.0, 7.0, 7.0, 7.0, 7.0, 7.0, 7.0, 7.0, 7.0, 7.0];
u18=[323.0, 337.0, 348.0, 311.0, 336.0, 347.0, 352.0, 356.0, 345.0, 360.0, 322.0, 308.0, 302.0, 350.0, 338.0, 312.0, 303.0, 338.0, 340.0, 349.0, 346.0, 320.0, 303.0, 305.0, 306.0, 319.0, 297.0, 313.0, 297.0, 342.0, 336.0, 311.0, 313.0, 307.0, 334.0, 290.0, 283.0, 300.0, 292.0, 276.0, 235.0, 217.0, 215.0, 214.0, 195.0, 165.0, 142.0, 126.0, 113.0, 100.0, 89.0, 82.0, 81.0, 77.0, 75.0, 69.0, 64.0, 63.0, 61.0, 60.0, 59.0, 56.0, 54.0, 52.0, 50.0, 48.0, 48.0, 43.0, 43.0, 41.0, 38.0, 38.0, 38.0, 33.0, 33.0, 33.0, 33.0, 31.0, 31.0, 28.0, 28.0, 28.0, 28.0, 26.0, 26.0, 26.0, 25.0, 25.0, 25.0, 24.0, 24.0, 24.0, 24.0, 24.0, 24.0, 24.0, 23.0, 23.0, 23.0, 23.0, 23.0, 23.0, 23.0, 23.0, 22.0, 22.0, 22.0, 22.0, 20.0, 19.0, 19.0, 19.0, 18.0, 18.0, 17.0, 17.0, 17.0, 17.0, 17.0, 17.0, 16.0, 16.0, 16.0, 15.0, 15.0, 14.0, 14.0, 14.0, 14.0, 14.0, 14.0, 14.0, 14.0, 14.0, 14.0, 14.0, 14.0, 14.0, 13.0, 13.0, 13.0, 12.0, 12.0, 12.0, 12.0, 12.0, 12.0, 12.0, 12.0, 12.0, 12.0, 12.0, 12.0, 12.0, 12.0, 12.0, 12.0, 12.0, 12.0, 12.0, 12.0, 12.0, 12.0, 12.0, 12.0, 12.0, 12.0, 12.0, 12.0, 11.0, 11.0, 11.0, 11.0, 11.0, 11.0, 11.0, 11.0, 11.0, 11.0, 11.0, 11.0, 11.0, 11.0, 11.0, 11.0, 11.0, 11.0, 11.0, 11.0, 11.0, 11.0, 11.0, 11.0, 11.0, 11.0, 11.0, 11.0, 11.0, 11.0, 10.0, 10.0, 10.0, 10.0, 10.0, 10.0, 9.0, 9.0, 9.0, 9.0, 9.0, 9.0, 9.0, 9.0, 9.0, 9.0, 9.0, 9.0, 9.0, 9.0, 9.0, 9.0, 9.0, 9.0, 9.0, 9.0, 9.0, 9.0, 8.0, 8.0, 7.0, 7.0, 7.0, 7.0, 6.0, 6.0, 6.0, 6.0, 6.0, 6.0, 6.0, 6.0, 6.0, 6.0, 6.0, 6.0, 6.0, 6.0, 6.0, 6.0];
u19=[360.0, 348.0, 335.0, 309.0, 365.0, 334.0, 316.0, 317.0, 342.0, 323.0, 320.0, 312.0, 337.0, 323.0, 308.0, 333.0, 311.0, 312.0, 312.0, 333.0, 314.0, 301.0, 334.0, 330.0, 308.0, 340.0, 315.0, 332.0, 317.0, 317.0, 283.0, 301.0, 303.0, 339.0, 320.0, 288.0, 277.0, 250.0, 235.0, 239.0, 238.0, 207.0, 194.0, 189.0, 164.0, 144.0, 123.0, 106.0, 92.0, 85.0, 81.0, 74.0, 68.0, 67.0, 64.0, 60.0, 59.0, 56.0, 54.0, 50.0, 48.0, 44.0, 43.0, 43.0, 41.0, 41.0, 39.0, 39.0, 38.0, 35.0, 35.0, 34.0, 33.0, 29.0, 28.0, 28.0, 28.0, 25.0, 25.0, 25.0, 24.0, 24.0, 24.0, 24.0, 23.0, 23.0, 23.0, 23.0, 23.0, 22.0, 22.0, 22.0, 21.0, 21.0, 21.0, 20.0, 20.0, 20.0, 20.0, 20.0, 19.0, 19.0, 19.0, 19.0, 19.0, 19.0, 19.0, 17.0, 17.0, 17.0, 16.0, 16.0, 16.0, 16.0, 16.0, 16.0, 16.0, 16.0, 16.0, 16.0, 15.0, 15.0, 15.0, 15.0, 15.0, 15.0, 15.0, 15.0, 15.0, 15.0, 15.0, 15.0, 15.0, 15.0, 15.0, 15.0, 15.0, 15.0, 15.0, 15.0, 15.0, 15.0, 14.0, 14.0, 14.0, 14.0, 14.0, 14.0, 14.0, 14.0, 13.0, 13.0, 13.0, 13.0, 13.0, 13.0, 12.0, 12.0, 12.0, 10.0, 10.0, 10.0, 10.0, 10.0, 10.0, 10.0, 10.0, 10.0, 10.0, 9.0, 9.0, 9.0, 9.0, 9.0, 9.0, 9.0, 9.0, 9.0, 9.0, 9.0, 9.0, 9.0, 9.0, 9.0, 9.0, 9.0, 9.0, 9.0, 9.0, 9.0, 9.0, 9.0, 9.0, 9.0, 9.0, 9.0, 9.0, 9.0, 9.0, 9.0, 9.0, 9.0, 9.0, 9.0, 9.0, 9.0, 9.0, 9.0, 9.0, 9.0, 9.0, 9.0, 9.0, 9.0, 9.0, 9.0, 9.0, 9.0, 9.0, 9.0, 8.0, 8.0, 8.0, 8.0, 8.0, 8.0, 8.0, 8.0, 8.0, 8.0, 8.0, 8.0, 8.0, 8.0, 8.0, 8.0, 8.0, 8.0, 8.0, 8.0, 8.0, 8.0, 8.0, 8.0, 8.0, 8.0, 8.0, 8.0, 8.0];
u=[u0; u1; u2; u3; u4; u5; u6; u7; u8; u9; u10; u11; u12; u13; u14; u15; u16; u17; u18; u19; ];
vect=200*(1:length(u0));
taille = length(u0);
umean=zeros(taille,1);
uintervalleincertitude = zeros(taille,2);
for i = 1:taille;
			umean(i) = mean(u(:,i));
			nombredeVecteurs=length(u(:,1));
			uincertitude(i) = std(u(:,i))/sqrt(nombredeVecteurs);
			uintervalleincertitude(i,1) = umean(i) + uincertitude(i)*1.96;
			uintervalleincertitude(i,2) = umean(i) - uincertitude(i)*1.96;
			end;
plot(vect,uintervalleincertitude,'k-');
hold on;

			%Constante k : 1.0


%Seed du coloriage : 2006841161
%Recuit Simulé Exponentiel
%Nombre d'itération : 50000

u0=[327.0, 338.0, 347.0, 331.0, 330.0, 344.0, 361.0, 361.0, 344.0, 312.0, 341.0, 316.0, 314.0, 323.0, 343.0, 324.0, 340.0, 318.0, 318.0, 305.0, 324.0, 307.0, 304.0, 336.0, 308.0, 330.0, 335.0, 318.0, 311.0, 320.0, 297.0, 296.0, 305.0, 292.0, 296.0, 258.0, 277.0, 252.0, 276.0, 247.0, 269.0, 252.0, 261.0, 273.0, 245.0, 239.0, 225.0, 214.0, 196.0, 205.0, 210.0, 215.0, 214.0, 214.0, 228.0, 202.0, 203.0, 210.0, 195.0, 221.0, 219.0, 203.0, 211.0, 207.0, 199.0, 197.0, 200.0, 197.0, 191.0, 177.0, 176.0, 182.0, 171.0, 204.0, 217.0, 201.0, 196.0, 207.0, 217.0, 216.0, 220.0, 225.0, 210.0, 215.0, 207.0, 190.0, 199.0, 202.0, 202.0, 201.0, 200.0, 206.0, 196.0, 197.0, 207.0, 230.0, 215.0, 210.0, 219.0, 225.0, 225.0, 218.0, 210.0, 216.0, 220.0, 208.0, 213.0, 202.0, 205.0, 188.0, 175.0, 175.0, 172.0, 187.0, 197.0, 199.0, 188.0, 191.0, 213.0, 222.0, 219.0, 196.0, 212.0, 187.0, 197.0, 207.0, 208.0, 205.0, 196.0, 191.0, 209.0, 204.0, 194.0, 193.0, 186.0, 184.0, 200.0, 190.0, 211.0, 208.0, 213.0, 206.0, 190.0, 207.0, 200.0, 203.0, 209.0, 209.0, 191.0, 196.0, 194.0, 195.0, 205.0, 203.0, 204.0, 195.0, 192.0, 184.0, 190.0, 182.0, 195.0, 214.0, 224.0, 215.0, 218.0, 190.0, 205.0, 199.0, 198.0, 208.0, 214.0, 213.0, 213.0, 211.0, 203.0, 207.0, 205.0, 212.0, 199.0, 195.0, 182.0, 197.0, 195.0, 202.0, 202.0, 203.0, 201.0, 183.0, 177.0, 182.0, 190.0, 201.0, 208.0, 187.0, 183.0, 205.0, 226.0, 211.0, 210.0, 225.0, 220.0, 224.0, 217.0, 211.0, 209.0, 233.0, 226.0, 207.0, 204.0, 204.0, 192.0, 186.0, 189.0, 187.0, 199.0, 194.0, 198.0, 193.0, 203.0, 194.0, 186.0, 200.0, 196.0, 185.0, 183.0, 196.0, 180.0, 196.0, 200.0, 199.0, 185.0, 193.0, 198.0, 200.0, 202.0, 188.0, 199.0, 203.0, 226.0, 222.0, 216.0, 209.0, 206.0, 196.0, 200.0, 201.0, 204.0, 219.0, 215.0];
u1=[323.0, 334.0, 336.0, 319.0, 291.0, 328.0, 347.0, 313.0, 318.0, 304.0, 311.0, 302.0, 277.0, 312.0, 351.0, 357.0, 359.0, 327.0, 316.0, 303.0, 310.0, 332.0, 292.0, 293.0, 306.0, 335.0, 325.0, 316.0, 321.0, 333.0, 307.0, 309.0, 309.0, 299.0, 289.0, 294.0, 282.0, 265.0, 271.0, 303.0, 270.0, 267.0, 236.0, 239.0, 242.0, 234.0, 218.0, 232.0, 235.0, 236.0, 232.0, 219.0, 227.0, 204.0, 224.0, 233.0, 211.0, 212.0, 211.0, 214.0, 196.0, 192.0, 192.0, 199.0, 210.0, 200.0, 197.0, 198.0, 186.0, 191.0, 185.0, 198.0, 190.0, 190.0, 196.0, 212.0, 208.0, 196.0, 201.0, 203.0, 186.0, 178.0, 185.0, 186.0, 195.0, 197.0, 195.0, 204.0, 198.0, 198.0, 192.0, 182.0, 195.0, 207.0, 196.0, 182.0, 179.0, 183.0, 200.0, 197.0, 219.0, 199.0, 201.0, 185.0, 187.0, 196.0, 199.0, 211.0, 198.0, 197.0, 185.0, 189.0, 180.0, 191.0, 191.0, 199.0, 198.0, 183.0, 185.0, 189.0, 200.0, 209.0, 211.0, 216.0, 209.0, 215.0, 213.0, 210.0, 202.0, 183.0, 213.0, 212.0, 199.0, 201.0, 206.0, 186.0, 190.0, 192.0, 204.0, 198.0, 197.0, 192.0, 198.0, 194.0, 212.0, 215.0, 211.0, 189.0, 195.0, 179.0, 192.0, 188.0, 194.0, 185.0, 180.0, 200.0, 208.0, 228.0, 197.0, 171.0, 180.0, 180.0, 184.0, 190.0, 194.0, 184.0, 189.0, 200.0, 204.0, 196.0, 180.0, 199.0, 182.0, 196.0, 197.0, 203.0, 194.0, 199.0, 204.0, 197.0, 199.0, 206.0, 213.0, 204.0, 189.0, 176.0, 192.0, 192.0, 194.0, 198.0, 206.0, 220.0, 218.0, 206.0, 197.0, 200.0, 191.0, 190.0, 206.0, 200.0, 198.0, 205.0, 207.0, 199.0, 197.0, 199.0, 183.0, 186.0, 175.0, 193.0, 203.0, 218.0, 209.0, 208.0, 191.0, 189.0, 191.0, 200.0, 196.0, 194.0, 215.0, 198.0, 203.0, 192.0, 192.0, 205.0, 209.0, 204.0, 197.0, 205.0, 182.0, 180.0, 201.0, 218.0, 201.0, 206.0, 206.0, 207.0, 189.0, 205.0, 197.0, 214.0, 206.0, 217.0, 198.0, 188.0, 192.0, 191.0, 209.0];
u2=[310.0, 334.0, 323.0, 334.0, 332.0, 362.0, 396.0, 344.0, 315.0, 352.0, 351.0, 374.0, 353.0, 346.0, 332.0, 346.0, 338.0, 326.0, 338.0, 317.0, 332.0, 358.0, 324.0, 314.0, 313.0, 309.0, 343.0, 349.0, 328.0, 321.0, 296.0, 311.0, 299.0, 314.0, 284.0, 298.0, 331.0, 301.0, 288.0, 254.0, 245.0, 272.0, 263.0, 268.0, 258.0, 243.0, 241.0, 213.0, 210.0, 213.0, 239.0, 212.0, 222.0, 211.0, 209.0, 201.0, 189.0, 198.0, 199.0, 203.0, 205.0, 229.0, 224.0, 212.0, 189.0, 198.0, 191.0, 203.0, 205.0, 202.0, 201.0, 188.0, 212.0, 201.0, 189.0, 191.0, 198.0, 211.0, 216.0, 191.0, 199.0, 204.0, 201.0, 196.0, 198.0, 200.0, 194.0, 181.0, 207.0, 222.0, 215.0, 200.0, 189.0, 193.0, 208.0, 192.0, 197.0, 199.0, 197.0, 203.0, 187.0, 192.0, 187.0, 190.0, 190.0, 184.0, 193.0, 202.0, 200.0, 189.0, 204.0, 207.0, 200.0, 172.0, 179.0, 168.0, 170.0, 182.0, 182.0, 191.0, 208.0, 196.0, 195.0, 185.0, 183.0, 181.0, 195.0, 199.0, 193.0, 200.0, 191.0, 200.0, 200.0, 213.0, 209.0, 203.0, 199.0, 202.0, 197.0, 194.0, 207.0, 202.0, 219.0, 202.0, 208.0, 200.0, 207.0, 211.0, 218.0, 208.0, 210.0, 209.0, 204.0, 208.0, 204.0, 192.0, 205.0, 206.0, 196.0, 191.0, 174.0, 175.0, 198.0, 211.0, 206.0, 211.0, 213.0, 212.0, 198.0, 200.0, 203.0, 208.0, 207.0, 208.0, 214.0, 207.0, 199.0, 203.0, 203.0, 197.0, 215.0, 200.0, 203.0, 204.0, 210.0, 218.0, 210.0, 221.0, 214.0, 217.0, 220.0, 207.0, 210.0, 210.0, 199.0, 199.0, 195.0, 200.0, 213.0, 195.0, 192.0, 197.0, 204.0, 179.0, 181.0, 179.0, 196.0, 206.0, 201.0, 205.0, 212.0, 201.0, 200.0, 208.0, 218.0, 206.0, 206.0, 192.0, 202.0, 196.0, 205.0, 206.0, 201.0, 211.0, 199.0, 208.0, 214.0, 201.0, 215.0, 214.0, 198.0, 190.0, 196.0, 189.0, 195.0, 204.0, 195.0, 191.0, 198.0, 190.0, 194.0, 209.0, 221.0, 213.0, 209.0, 218.0, 212.0, 195.0, 198.0];
u3=[353.0, 335.0, 338.0, 297.0, 310.0, 309.0, 308.0, 325.0, 324.0, 350.0, 324.0, 331.0, 345.0, 335.0, 320.0, 291.0, 320.0, 329.0, 290.0, 274.0, 319.0, 343.0, 324.0, 300.0, 285.0, 304.0, 369.0, 316.0, 301.0, 345.0, 342.0, 342.0, 326.0, 306.0, 306.0, 285.0, 297.0, 295.0, 279.0, 284.0, 278.0, 257.0, 256.0, 246.0, 242.0, 232.0, 211.0, 190.0, 198.0, 215.0, 232.0, 225.0, 218.0, 202.0, 199.0, 190.0, 198.0, 201.0, 207.0, 199.0, 192.0, 206.0, 216.0, 220.0, 208.0, 203.0, 215.0, 221.0, 223.0, 222.0, 230.0, 221.0, 215.0, 217.0, 224.0, 221.0, 211.0, 207.0, 221.0, 207.0, 203.0, 218.0, 216.0, 211.0, 212.0, 210.0, 201.0, 197.0, 215.0, 215.0, 199.0, 202.0, 191.0, 188.0, 207.0, 219.0, 223.0, 209.0, 199.0, 215.0, 214.0, 207.0, 207.0, 205.0, 215.0, 205.0, 202.0, 204.0, 187.0, 190.0, 195.0, 220.0, 205.0, 204.0, 214.0, 196.0, 197.0, 190.0, 189.0, 210.0, 225.0, 212.0, 208.0, 198.0, 198.0, 223.0, 223.0, 215.0, 191.0, 203.0, 189.0, 185.0, 195.0, 195.0, 178.0, 190.0, 179.0, 192.0, 184.0, 192.0, 195.0, 187.0, 184.0, 202.0, 211.0, 197.0, 187.0, 193.0, 212.0, 198.0, 197.0, 186.0, 210.0, 203.0, 212.0, 199.0, 209.0, 204.0, 211.0, 191.0, 196.0, 179.0, 179.0, 169.0, 189.0, 193.0, 195.0, 203.0, 183.0, 187.0, 191.0, 201.0, 204.0, 201.0, 189.0, 206.0, 195.0, 182.0, 192.0, 190.0, 192.0, 199.0, 194.0, 192.0, 187.0, 181.0, 177.0, 195.0, 175.0, 186.0, 204.0, 206.0, 206.0, 198.0, 205.0, 203.0, 203.0, 195.0, 211.0, 198.0, 201.0, 202.0, 196.0, 191.0, 193.0, 203.0, 207.0, 203.0, 182.0, 188.0, 213.0, 213.0, 198.0, 195.0, 212.0, 218.0, 208.0, 201.0, 203.0, 203.0, 217.0, 211.0, 208.0, 223.0, 216.0, 200.0, 207.0, 203.0, 207.0, 202.0, 197.0, 214.0, 206.0, 197.0, 205.0, 196.0, 191.0, 198.0, 217.0, 204.0, 212.0, 214.0, 199.0, 207.0, 197.0, 182.0, 197.0, 207.0, 193.0];
u4=[305.0, 338.0, 321.0, 337.0, 348.0, 331.0, 333.0, 308.0, 332.0, 340.0, 330.0, 308.0, 296.0, 334.0, 345.0, 318.0, 320.0, 298.0, 314.0, 318.0, 309.0, 333.0, 294.0, 311.0, 308.0, 323.0, 296.0, 315.0, 334.0, 332.0, 312.0, 308.0, 330.0, 285.0, 294.0, 295.0, 285.0, 284.0, 282.0, 290.0, 254.0, 260.0, 247.0, 243.0, 242.0, 246.0, 238.0, 228.0, 220.0, 236.0, 230.0, 212.0, 212.0, 209.0, 225.0, 216.0, 212.0, 201.0, 197.0, 180.0, 196.0, 193.0, 202.0, 195.0, 184.0, 196.0, 199.0, 208.0, 187.0, 180.0, 185.0, 191.0, 186.0, 200.0, 192.0, 183.0, 201.0, 219.0, 218.0, 204.0, 190.0, 195.0, 191.0, 202.0, 190.0, 205.0, 214.0, 190.0, 206.0, 200.0, 189.0, 203.0, 195.0, 194.0, 205.0, 209.0, 214.0, 215.0, 207.0, 221.0, 219.0, 185.0, 211.0, 202.0, 193.0, 197.0, 186.0, 185.0, 186.0, 190.0, 202.0, 194.0, 175.0, 174.0, 195.0, 188.0, 206.0, 219.0, 224.0, 221.0, 218.0, 175.0, 194.0, 210.0, 195.0, 193.0, 195.0, 189.0, 202.0, 194.0, 199.0, 201.0, 197.0, 184.0, 194.0, 197.0, 188.0, 182.0, 196.0, 198.0, 200.0, 194.0, 207.0, 205.0, 201.0, 210.0, 212.0, 217.0, 200.0, 205.0, 206.0, 199.0, 204.0, 203.0, 200.0, 197.0, 211.0, 204.0, 211.0, 206.0, 220.0, 213.0, 203.0, 190.0, 208.0, 193.0, 185.0, 193.0, 200.0, 205.0, 203.0, 192.0, 190.0, 197.0, 214.0, 220.0, 215.0, 211.0, 213.0, 209.0, 197.0, 203.0, 196.0, 208.0, 200.0, 218.0, 207.0, 190.0, 196.0, 212.0, 215.0, 205.0, 213.0, 207.0, 188.0, 200.0, 203.0, 207.0, 200.0, 202.0, 229.0, 210.0, 214.0, 211.0, 212.0, 214.0, 211.0, 208.0, 218.0, 219.0, 182.0, 178.0, 184.0, 188.0, 185.0, 179.0, 192.0, 201.0, 205.0, 203.0, 215.0, 205.0, 202.0, 213.0, 218.0, 201.0, 200.0, 199.0, 194.0, 205.0, 197.0, 195.0, 203.0, 206.0, 201.0, 202.0, 218.0, 216.0, 195.0, 183.0, 196.0, 184.0, 208.0, 204.0, 211.0, 204.0, 206.0, 196.0, 203.0];
u5=[306.0, 347.0, 346.0, 321.0, 339.0, 349.0, 323.0, 314.0, 335.0, 350.0, 325.0, 330.0, 330.0, 319.0, 322.0, 333.0, 337.0, 331.0, 328.0, 328.0, 320.0, 303.0, 306.0, 305.0, 279.0, 317.0, 314.0, 344.0, 346.0, 350.0, 329.0, 331.0, 325.0, 340.0, 290.0, 295.0, 300.0, 304.0, 288.0, 290.0, 280.0, 262.0, 271.0, 266.0, 227.0, 227.0, 223.0, 227.0, 224.0, 223.0, 218.0, 209.0, 213.0, 205.0, 209.0, 220.0, 206.0, 200.0, 200.0, 205.0, 203.0, 215.0, 210.0, 195.0, 206.0, 194.0, 192.0, 191.0, 178.0, 195.0, 208.0, 205.0, 200.0, 199.0, 201.0, 210.0, 193.0, 195.0, 208.0, 209.0, 204.0, 186.0, 185.0, 197.0, 204.0, 195.0, 209.0, 199.0, 214.0, 202.0, 218.0, 211.0, 199.0, 200.0, 222.0, 213.0, 210.0, 215.0, 223.0, 215.0, 207.0, 220.0, 215.0, 194.0, 203.0, 201.0, 215.0, 214.0, 197.0, 193.0, 209.0, 206.0, 203.0, 201.0, 189.0, 188.0, 191.0, 203.0, 190.0, 192.0, 211.0, 200.0, 194.0, 215.0, 218.0, 202.0, 185.0, 188.0, 211.0, 207.0, 200.0, 206.0, 219.0, 216.0, 227.0, 217.0, 212.0, 203.0, 200.0, 204.0, 205.0, 211.0, 224.0, 220.0, 226.0, 193.0, 192.0, 200.0, 217.0, 196.0, 202.0, 193.0, 205.0, 199.0, 182.0, 181.0, 193.0, 205.0, 218.0, 217.0, 201.0, 202.0, 212.0, 213.0, 215.0, 201.0, 204.0, 191.0, 189.0, 198.0, 193.0, 196.0, 201.0, 210.0, 198.0, 196.0, 191.0, 201.0, 185.0, 196.0, 192.0, 217.0, 211.0, 194.0, 199.0, 191.0, 197.0, 204.0, 201.0, 203.0, 207.0, 192.0, 210.0, 214.0, 211.0, 204.0, 210.0, 199.0, 198.0, 193.0, 192.0, 205.0, 202.0, 213.0, 195.0, 206.0, 199.0, 210.0, 187.0, 197.0, 201.0, 199.0, 201.0, 190.0, 210.0, 228.0, 225.0, 214.0, 214.0, 207.0, 219.0, 209.0, 210.0, 209.0, 211.0, 194.0, 194.0, 199.0, 201.0, 193.0, 191.0, 195.0, 201.0, 187.0, 194.0, 210.0, 201.0, 203.0, 192.0, 200.0, 200.0, 194.0, 182.0, 195.0, 201.0, 209.0, 210.0, 205.0, 209.0];
u6=[348.0, 334.0, 301.0, 312.0, 301.0, 337.0, 316.0, 372.0, 370.0, 365.0, 347.0, 324.0, 298.0, 306.0, 349.0, 343.0, 333.0, 338.0, 314.0, 320.0, 301.0, 306.0, 330.0, 326.0, 300.0, 323.0, 316.0, 315.0, 345.0, 313.0, 292.0, 303.0, 300.0, 310.0, 287.0, 290.0, 269.0, 286.0, 261.0, 252.0, 254.0, 251.0, 235.0, 247.0, 258.0, 242.0, 246.0, 237.0, 230.0, 218.0, 215.0, 208.0, 215.0, 207.0, 216.0, 206.0, 210.0, 209.0, 214.0, 190.0, 199.0, 199.0, 211.0, 194.0, 200.0, 191.0, 194.0, 204.0, 207.0, 220.0, 205.0, 191.0, 203.0, 191.0, 209.0, 202.0, 215.0, 218.0, 200.0, 196.0, 204.0, 211.0, 220.0, 207.0, 192.0, 199.0, 197.0, 205.0, 215.0, 195.0, 196.0, 206.0, 195.0, 207.0, 199.0, 205.0, 204.0, 211.0, 203.0, 200.0, 215.0, 211.0, 205.0, 208.0, 207.0, 215.0, 203.0, 197.0, 211.0, 197.0, 207.0, 213.0, 225.0, 230.0, 224.0, 195.0, 196.0, 200.0, 199.0, 205.0, 223.0, 211.0, 206.0, 212.0, 235.0, 216.0, 226.0, 225.0, 225.0, 208.0, 209.0, 210.0, 193.0, 195.0, 196.0, 196.0, 211.0, 200.0, 211.0, 223.0, 195.0, 201.0, 205.0, 195.0, 188.0, 194.0, 184.0, 194.0, 210.0, 199.0, 198.0, 186.0, 174.0, 177.0, 194.0, 199.0, 193.0, 198.0, 199.0, 222.0, 197.0, 192.0, 203.0, 207.0, 193.0, 207.0, 208.0, 205.0, 208.0, 210.0, 203.0, 177.0, 184.0, 188.0, 200.0, 199.0, 174.0, 188.0, 188.0, 174.0, 175.0, 190.0, 202.0, 201.0, 210.0, 210.0, 196.0, 201.0, 200.0, 195.0, 196.0, 205.0, 183.0, 194.0, 187.0, 192.0, 183.0, 181.0, 185.0, 204.0, 203.0, 206.0, 208.0, 199.0, 190.0, 186.0, 199.0, 199.0, 202.0, 201.0, 187.0, 193.0, 195.0, 210.0, 205.0, 199.0, 184.0, 204.0, 201.0, 208.0, 197.0, 198.0, 205.0, 198.0, 212.0, 225.0, 223.0, 222.0, 229.0, 223.0, 226.0, 215.0, 204.0, 203.0, 211.0, 207.0, 197.0, 187.0, 177.0, 184.0, 205.0, 194.0, 210.0, 201.0, 198.0, 197.0, 205.0, 196.0, 213.0];
u7=[308.0, 323.0, 315.0, 324.0, 364.0, 355.0, 341.0, 333.0, 346.0, 339.0, 328.0, 334.0, 319.0, 348.0, 352.0, 327.0, 327.0, 322.0, 359.0, 322.0, 331.0, 316.0, 326.0, 288.0, 308.0, 318.0, 305.0, 322.0, 323.0, 319.0, 302.0, 301.0, 284.0, 304.0, 315.0, 328.0, 272.0, 267.0, 261.0, 264.0, 245.0, 239.0, 222.0, 225.0, 226.0, 230.0, 249.0, 242.0, 233.0, 226.0, 237.0, 242.0, 232.0, 242.0, 226.0, 223.0, 212.0, 212.0, 202.0, 199.0, 208.0, 194.0, 204.0, 197.0, 197.0, 203.0, 216.0, 207.0, 198.0, 187.0, 215.0, 212.0, 202.0, 226.0, 219.0, 205.0, 208.0, 195.0, 217.0, 211.0, 190.0, 192.0, 191.0, 185.0, 188.0, 203.0, 200.0, 220.0, 198.0, 191.0, 205.0, 207.0, 198.0, 204.0, 212.0, 194.0, 189.0, 196.0, 187.0, 190.0, 207.0, 199.0, 190.0, 202.0, 192.0, 200.0, 205.0, 182.0, 191.0, 205.0, 191.0, 209.0, 210.0, 194.0, 199.0, 195.0, 180.0, 202.0, 204.0, 212.0, 200.0, 205.0, 197.0, 203.0, 196.0, 212.0, 208.0, 205.0, 199.0, 196.0, 190.0, 199.0, 202.0, 197.0, 198.0, 194.0, 178.0, 188.0, 181.0, 206.0, 213.0, 216.0, 223.0, 225.0, 224.0, 214.0, 206.0, 212.0, 203.0, 203.0, 211.0, 216.0, 212.0, 217.0, 194.0, 209.0, 225.0, 213.0, 215.0, 207.0, 215.0, 217.0, 191.0, 188.0, 212.0, 194.0, 189.0, 206.0, 195.0, 199.0, 202.0, 187.0, 192.0, 190.0, 192.0, 194.0, 212.0, 218.0, 212.0, 194.0, 201.0, 195.0, 204.0, 230.0, 216.0, 215.0, 193.0, 192.0, 191.0, 187.0, 192.0, 185.0, 195.0, 193.0, 195.0, 197.0, 194.0, 197.0, 202.0, 204.0, 210.0, 207.0, 208.0, 203.0, 205.0, 219.0, 228.0, 229.0, 222.0, 223.0, 211.0, 214.0, 204.0, 214.0, 233.0, 210.0, 187.0, 193.0, 193.0, 188.0, 192.0, 198.0, 194.0, 197.0, 196.0, 194.0, 195.0, 191.0, 202.0, 206.0, 200.0, 213.0, 238.0, 217.0, 210.0, 201.0, 206.0, 218.0, 199.0, 198.0, 190.0, 194.0, 203.0, 197.0, 204.0, 188.0, 201.0, 185.0, 197.0];
u8=[332.0, 318.0, 312.0, 336.0, 337.0, 342.0, 346.0, 316.0, 340.0, 327.0, 325.0, 336.0, 349.0, 351.0, 322.0, 327.0, 347.0, 305.0, 319.0, 333.0, 301.0, 338.0, 362.0, 314.0, 313.0, 300.0, 300.0, 290.0, 300.0, 317.0, 315.0, 293.0, 306.0, 314.0, 277.0, 294.0, 252.0, 257.0, 255.0, 263.0, 264.0, 266.0, 260.0, 234.0, 236.0, 241.0, 220.0, 222.0, 231.0, 231.0, 225.0, 210.0, 215.0, 211.0, 192.0, 220.0, 230.0, 208.0, 216.0, 194.0, 207.0, 200.0, 196.0, 192.0, 201.0, 196.0, 195.0, 198.0, 209.0, 188.0, 176.0, 174.0, 190.0, 188.0, 202.0, 223.0, 201.0, 203.0, 195.0, 205.0, 196.0, 229.0, 207.0, 213.0, 213.0, 211.0, 196.0, 186.0, 186.0, 178.0, 185.0, 181.0, 193.0, 190.0, 188.0, 197.0, 202.0, 196.0, 208.0, 200.0, 204.0, 197.0, 208.0, 197.0, 196.0, 201.0, 201.0, 200.0, 202.0, 221.0, 221.0, 208.0, 204.0, 201.0, 208.0, 201.0, 199.0, 191.0, 195.0, 206.0, 203.0, 200.0, 190.0, 192.0, 211.0, 221.0, 201.0, 194.0, 205.0, 201.0, 197.0, 203.0, 212.0, 228.0, 204.0, 208.0, 203.0, 206.0, 191.0, 178.0, 189.0, 182.0, 188.0, 207.0, 191.0, 177.0, 202.0, 199.0, 202.0, 203.0, 193.0, 203.0, 217.0, 216.0, 214.0, 208.0, 198.0, 191.0, 185.0, 194.0, 186.0, 184.0, 189.0, 198.0, 196.0, 211.0, 212.0, 215.0, 222.0, 219.0, 227.0, 208.0, 208.0, 193.0, 202.0, 200.0, 195.0, 200.0, 200.0, 203.0, 201.0, 194.0, 198.0, 195.0, 195.0, 192.0, 169.0, 185.0, 189.0, 195.0, 200.0, 202.0, 205.0, 222.0, 208.0, 208.0, 215.0, 210.0, 219.0, 214.0, 219.0, 215.0, 200.0, 197.0, 200.0, 202.0, 200.0, 196.0, 212.0, 219.0, 219.0, 200.0, 216.0, 225.0, 213.0, 217.0, 206.0, 210.0, 208.0, 220.0, 200.0, 210.0, 193.0, 199.0, 209.0, 211.0, 217.0, 211.0, 212.0, 222.0, 212.0, 226.0, 226.0, 207.0, 211.0, 201.0, 217.0, 221.0, 205.0, 213.0, 216.0, 216.0, 209.0, 204.0, 205.0, 202.0, 206.0, 202.0, 212.0];
u9=[346.0, 334.0, 317.0, 331.0, 326.0, 345.0, 349.0, 327.0, 314.0, 339.0, 313.0, 325.0, 350.0, 334.0, 356.0, 331.0, 337.0, 333.0, 349.0, 336.0, 320.0, 300.0, 318.0, 338.0, 329.0, 335.0, 321.0, 344.0, 343.0, 342.0, 319.0, 339.0, 318.0, 316.0, 299.0, 300.0, 304.0, 287.0, 270.0, 276.0, 308.0, 281.0, 276.0, 264.0, 257.0, 225.0, 216.0, 212.0, 229.0, 221.0, 213.0, 210.0, 206.0, 214.0, 217.0, 207.0, 195.0, 212.0, 205.0, 202.0, 213.0, 213.0, 204.0, 191.0, 196.0, 204.0, 213.0, 233.0, 235.0, 235.0, 223.0, 212.0, 195.0, 211.0, 207.0, 194.0, 196.0, 196.0, 203.0, 211.0, 213.0, 206.0, 213.0, 217.0, 207.0, 175.0, 202.0, 205.0, 195.0, 212.0, 212.0, 204.0, 209.0, 214.0, 195.0, 180.0, 188.0, 188.0, 209.0, 204.0, 222.0, 201.0, 190.0, 196.0, 191.0, 185.0, 199.0, 197.0, 201.0, 188.0, 184.0, 192.0, 203.0, 204.0, 203.0, 208.0, 198.0, 218.0, 208.0, 218.0, 211.0, 211.0, 214.0, 212.0, 187.0, 199.0, 212.0, 216.0, 219.0, 217.0, 238.0, 244.0, 225.0, 228.0, 205.0, 206.0, 208.0, 201.0, 202.0, 191.0, 188.0, 207.0, 211.0, 195.0, 193.0, 184.0, 191.0, 202.0, 204.0, 192.0, 194.0, 204.0, 204.0, 189.0, 180.0, 190.0, 206.0, 214.0, 212.0, 217.0, 205.0, 210.0, 207.0, 219.0, 190.0, 184.0, 190.0, 197.0, 192.0, 200.0, 206.0, 210.0, 217.0, 234.0, 227.0, 221.0, 207.0, 211.0, 210.0, 202.0, 197.0, 199.0, 205.0, 201.0, 200.0, 213.0, 198.0, 229.0, 228.0, 230.0, 216.0, 219.0, 219.0, 224.0, 209.0, 209.0, 216.0, 204.0, 189.0, 214.0, 202.0, 206.0, 205.0, 202.0, 198.0, 194.0, 200.0, 189.0, 212.0, 206.0, 196.0, 192.0, 206.0, 199.0, 177.0, 186.0, 183.0, 180.0, 178.0, 183.0, 196.0, 195.0, 211.0, 200.0, 197.0, 200.0, 212.0, 217.0, 205.0, 210.0, 206.0, 201.0, 195.0, 208.0, 213.0, 212.0, 209.0, 203.0, 201.0, 217.0, 213.0, 225.0, 218.0, 204.0, 190.0, 201.0, 205.0, 201.0, 194.0];
u10=[300.0, 322.0, 315.0, 362.0, 341.0, 326.0, 324.0, 349.0, 363.0, 330.0, 343.0, 330.0, 302.0, 322.0, 358.0, 330.0, 322.0, 335.0, 324.0, 298.0, 293.0, 322.0, 311.0, 308.0, 323.0, 310.0, 327.0, 336.0, 310.0, 313.0, 317.0, 313.0, 315.0, 309.0, 293.0, 291.0, 287.0, 276.0, 275.0, 274.0, 244.0, 280.0, 248.0, 241.0, 223.0, 224.0, 230.0, 234.0, 233.0, 230.0, 220.0, 232.0, 237.0, 219.0, 225.0, 206.0, 199.0, 204.0, 187.0, 203.0, 204.0, 202.0, 204.0, 198.0, 203.0, 211.0, 201.0, 189.0, 208.0, 207.0, 205.0, 201.0, 197.0, 193.0, 181.0, 186.0, 204.0, 193.0, 187.0, 182.0, 196.0, 187.0, 206.0, 225.0, 219.0, 220.0, 216.0, 209.0, 201.0, 197.0, 210.0, 189.0, 205.0, 215.0, 199.0, 209.0, 218.0, 225.0, 215.0, 199.0, 204.0, 200.0, 190.0, 186.0, 199.0, 203.0, 221.0, 222.0, 220.0, 219.0, 218.0, 212.0, 219.0, 199.0, 199.0, 212.0, 219.0, 214.0, 211.0, 218.0, 204.0, 213.0, 205.0, 195.0, 187.0, 204.0, 194.0, 187.0, 188.0, 178.0, 186.0, 196.0, 202.0, 205.0, 204.0, 188.0, 202.0, 194.0, 194.0, 185.0, 167.0, 181.0, 196.0, 197.0, 213.0, 217.0, 198.0, 209.0, 211.0, 212.0, 206.0, 208.0, 207.0, 194.0, 187.0, 189.0, 177.0, 176.0, 185.0, 176.0, 186.0, 207.0, 201.0, 196.0, 209.0, 214.0, 219.0, 207.0, 211.0, 211.0, 203.0, 182.0, 203.0, 190.0, 200.0, 209.0, 225.0, 195.0, 198.0, 220.0, 208.0, 208.0, 199.0, 183.0, 197.0, 201.0, 220.0, 219.0, 223.0, 221.0, 219.0, 216.0, 214.0, 200.0, 194.0, 184.0, 191.0, 196.0, 187.0, 197.0, 207.0, 195.0, 201.0, 204.0, 211.0, 216.0, 219.0, 209.0, 196.0, 197.0, 202.0, 217.0, 207.0, 190.0, 210.0, 207.0, 197.0, 200.0, 206.0, 217.0, 212.0, 200.0, 201.0, 190.0, 196.0, 197.0, 198.0, 192.0, 193.0, 201.0, 184.0, 180.0, 209.0, 198.0, 198.0, 206.0, 202.0, 193.0, 202.0, 192.0, 210.0, 210.0, 193.0, 200.0, 177.0, 178.0, 178.0, 177.0, 193.0];
u11=[346.0, 350.0, 337.0, 340.0, 332.0, 348.0, 344.0, 348.0, 356.0, 363.0, 341.0, 339.0, 340.0, 323.0, 302.0, 293.0, 304.0, 289.0, 306.0, 329.0, 320.0, 397.0, 355.0, 316.0, 333.0, 337.0, 333.0, 335.0, 309.0, 327.0, 331.0, 319.0, 302.0, 303.0, 293.0, 297.0, 293.0, 287.0, 281.0, 262.0, 250.0, 246.0, 239.0, 244.0, 255.0, 257.0, 227.0, 221.0, 242.0, 226.0, 221.0, 217.0, 205.0, 204.0, 206.0, 207.0, 222.0, 199.0, 183.0, 181.0, 176.0, 175.0, 204.0, 203.0, 198.0, 210.0, 206.0, 207.0, 205.0, 203.0, 200.0, 205.0, 189.0, 196.0, 200.0, 197.0, 204.0, 204.0, 209.0, 212.0, 195.0, 209.0, 193.0, 187.0, 197.0, 207.0, 182.0, 192.0, 201.0, 196.0, 204.0, 219.0, 221.0, 219.0, 211.0, 217.0, 205.0, 193.0, 190.0, 203.0, 218.0, 219.0, 216.0, 209.0, 207.0, 209.0, 216.0, 212.0, 202.0, 194.0, 201.0, 210.0, 213.0, 217.0, 211.0, 198.0, 203.0, 198.0, 208.0, 195.0, 197.0, 206.0, 209.0, 208.0, 221.0, 214.0, 214.0, 204.0, 195.0, 200.0, 209.0, 209.0, 223.0, 199.0, 200.0, 201.0, 200.0, 194.0, 188.0, 189.0, 184.0, 191.0, 195.0, 184.0, 179.0, 194.0, 206.0, 205.0, 211.0, 218.0, 212.0, 209.0, 195.0, 193.0, 212.0, 214.0, 214.0, 197.0, 191.0, 195.0, 186.0, 197.0, 202.0, 202.0, 207.0, 202.0, 191.0, 204.0, 195.0, 202.0, 198.0, 190.0, 207.0, 210.0, 215.0, 215.0, 200.0, 204.0, 199.0, 187.0, 202.0, 197.0, 196.0, 199.0, 213.0, 223.0, 195.0, 201.0, 186.0, 186.0, 176.0, 188.0, 195.0, 200.0, 199.0, 202.0, 212.0, 225.0, 223.0, 196.0, 191.0, 211.0, 216.0, 220.0, 215.0, 194.0, 197.0, 191.0, 209.0, 212.0, 196.0, 196.0, 200.0, 199.0, 207.0, 197.0, 195.0, 196.0, 219.0, 215.0, 199.0, 179.0, 192.0, 206.0, 194.0, 197.0, 192.0, 185.0, 196.0, 192.0, 192.0, 197.0, 205.0, 197.0, 187.0, 204.0, 195.0, 189.0, 194.0, 199.0, 188.0, 191.0, 204.0, 212.0, 208.0, 206.0, 228.0, 207.0, 200.0];
u12=[345.0, 340.0, 337.0, 331.0, 344.0, 339.0, 339.0, 351.0, 305.0, 316.0, 308.0, 357.0, 331.0, 348.0, 323.0, 320.0, 337.0, 372.0, 342.0, 315.0, 341.0, 331.0, 322.0, 345.0, 328.0, 324.0, 330.0, 333.0, 312.0, 340.0, 340.0, 315.0, 308.0, 305.0, 277.0, 285.0, 279.0, 286.0, 277.0, 288.0, 283.0, 261.0, 256.0, 286.0, 271.0, 245.0, 225.0, 231.0, 214.0, 213.0, 219.0, 213.0, 204.0, 204.0, 204.0, 222.0, 204.0, 202.0, 206.0, 224.0, 218.0, 204.0, 219.0, 216.0, 211.0, 208.0, 206.0, 221.0, 213.0, 200.0, 206.0, 208.0, 198.0, 190.0, 177.0, 199.0, 187.0, 199.0, 194.0, 199.0, 195.0, 191.0, 198.0, 193.0, 192.0, 198.0, 201.0, 181.0, 205.0, 201.0, 192.0, 199.0, 192.0, 183.0, 193.0, 191.0, 198.0, 206.0, 201.0, 193.0, 191.0, 194.0, 199.0, 204.0, 190.0, 205.0, 213.0, 212.0, 199.0, 212.0, 201.0, 180.0, 178.0, 185.0, 190.0, 201.0, 206.0, 213.0, 216.0, 191.0, 197.0, 208.0, 196.0, 208.0, 217.0, 208.0, 216.0, 215.0, 197.0, 197.0, 211.0, 211.0, 212.0, 219.0, 209.0, 200.0, 194.0, 203.0, 213.0, 213.0, 202.0, 198.0, 190.0, 200.0, 209.0, 181.0, 201.0, 190.0, 190.0, 182.0, 190.0, 214.0, 201.0, 191.0, 215.0, 210.0, 200.0, 204.0, 203.0, 187.0, 178.0, 182.0, 178.0, 181.0, 199.0, 202.0, 189.0, 193.0, 199.0, 199.0, 191.0, 203.0, 210.0, 194.0, 213.0, 205.0, 214.0, 202.0, 195.0, 191.0, 201.0, 214.0, 216.0, 206.0, 209.0, 208.0, 205.0, 212.0, 200.0, 200.0, 193.0, 202.0, 185.0, 189.0, 178.0, 187.0, 183.0, 195.0, 197.0, 190.0, 197.0, 197.0, 201.0, 203.0, 206.0, 209.0, 210.0, 215.0, 214.0, 209.0, 208.0, 195.0, 189.0, 214.0, 205.0, 206.0, 203.0, 194.0, 204.0, 183.0, 204.0, 189.0, 200.0, 202.0, 212.0, 225.0, 203.0, 207.0, 210.0, 210.0, 213.0, 214.0, 203.0, 203.0, 203.0, 209.0, 194.0, 201.0, 199.0, 196.0, 197.0, 198.0, 200.0, 185.0, 184.0, 195.0, 201.0, 226.0, 208.0];
u13=[337.0, 328.0, 303.0, 339.0, 346.0, 330.0, 325.0, 311.0, 305.0, 320.0, 356.0, 342.0, 360.0, 352.0, 337.0, 310.0, 327.0, 320.0, 327.0, 317.0, 336.0, 331.0, 348.0, 378.0, 338.0, 320.0, 317.0, 312.0, 337.0, 313.0, 300.0, 318.0, 333.0, 328.0, 320.0, 304.0, 281.0, 287.0, 283.0, 298.0, 284.0, 274.0, 263.0, 259.0, 240.0, 225.0, 250.0, 233.0, 234.0, 229.0, 223.0, 234.0, 222.0, 225.0, 225.0, 220.0, 200.0, 199.0, 190.0, 207.0, 208.0, 223.0, 209.0, 225.0, 210.0, 205.0, 217.0, 221.0, 210.0, 211.0, 204.0, 201.0, 191.0, 196.0, 205.0, 195.0, 197.0, 195.0, 200.0, 213.0, 213.0, 212.0, 216.0, 222.0, 217.0, 196.0, 201.0, 190.0, 198.0, 205.0, 213.0, 198.0, 200.0, 186.0, 184.0, 200.0, 207.0, 219.0, 220.0, 201.0, 207.0, 195.0, 201.0, 188.0, 193.0, 209.0, 202.0, 207.0, 195.0, 202.0, 173.0, 191.0, 194.0, 202.0, 197.0, 202.0, 176.0, 172.0, 178.0, 187.0, 197.0, 197.0, 208.0, 195.0, 191.0, 199.0, 207.0, 191.0, 197.0, 203.0, 192.0, 199.0, 216.0, 209.0, 194.0, 207.0, 213.0, 216.0, 199.0, 208.0, 207.0, 209.0, 208.0, 198.0, 206.0, 222.0, 213.0, 204.0, 191.0, 213.0, 218.0, 217.0, 197.0, 193.0, 193.0, 187.0, 183.0, 187.0, 197.0, 204.0, 209.0, 227.0, 212.0, 228.0, 218.0, 205.0, 213.0, 218.0, 199.0, 209.0, 200.0, 187.0, 200.0, 196.0, 205.0, 204.0, 189.0, 203.0, 190.0, 203.0, 221.0, 215.0, 196.0, 200.0, 192.0, 200.0, 190.0, 180.0, 175.0, 167.0, 180.0, 183.0, 197.0, 189.0, 190.0, 191.0, 205.0, 203.0, 209.0, 194.0, 164.0, 189.0, 185.0, 198.0, 197.0, 198.0, 195.0, 204.0, 199.0, 192.0, 185.0, 192.0, 185.0, 181.0, 192.0, 192.0, 203.0, 212.0, 210.0, 201.0, 211.0, 217.0, 216.0, 204.0, 210.0, 211.0, 208.0, 197.0, 206.0, 201.0, 195.0, 202.0, 206.0, 186.0, 198.0, 205.0, 196.0, 206.0, 201.0, 202.0, 188.0, 186.0, 174.0, 190.0, 213.0, 209.0, 205.0, 197.0, 195.0];
u14=[343.0, 317.0, 336.0, 351.0, 349.0, 335.0, 353.0, 360.0, 314.0, 348.0, 354.0, 325.0, 312.0, 325.0, 343.0, 350.0, 348.0, 371.0, 379.0, 341.0, 305.0, 343.0, 350.0, 376.0, 311.0, 341.0, 305.0, 317.0, 317.0, 305.0, 326.0, 307.0, 300.0, 325.0, 278.0, 264.0, 270.0, 273.0, 293.0, 291.0, 312.0, 262.0, 231.0, 236.0, 237.0, 231.0, 212.0, 213.0, 211.0, 220.0, 211.0, 214.0, 201.0, 208.0, 207.0, 217.0, 205.0, 189.0, 207.0, 189.0, 207.0, 211.0, 204.0, 203.0, 196.0, 195.0, 207.0, 203.0, 182.0, 177.0, 191.0, 205.0, 203.0, 205.0, 204.0, 224.0, 205.0, 215.0, 200.0, 204.0, 205.0, 193.0, 195.0, 198.0, 196.0, 200.0, 195.0, 199.0, 203.0, 204.0, 196.0, 199.0, 190.0, 211.0, 224.0, 208.0, 213.0, 219.0, 223.0, 199.0, 198.0, 190.0, 198.0, 185.0, 190.0, 177.0, 182.0, 192.0, 188.0, 196.0, 193.0, 194.0, 192.0, 186.0, 197.0, 199.0, 194.0, 196.0, 212.0, 218.0, 211.0, 229.0, 208.0, 200.0, 194.0, 207.0, 197.0, 194.0, 203.0, 200.0, 205.0, 202.0, 205.0, 210.0, 212.0, 211.0, 210.0, 217.0, 212.0, 200.0, 205.0, 218.0, 209.0, 200.0, 200.0, 192.0, 202.0, 209.0, 198.0, 208.0, 225.0, 216.0, 215.0, 208.0, 188.0, 178.0, 186.0, 188.0, 183.0, 182.0, 195.0, 202.0, 222.0, 232.0, 206.0, 212.0, 197.0, 209.0, 205.0, 199.0, 188.0, 211.0, 196.0, 199.0, 202.0, 204.0, 205.0, 198.0, 194.0, 195.0, 185.0, 195.0, 214.0, 196.0, 204.0, 204.0, 199.0, 191.0, 192.0, 196.0, 201.0, 206.0, 214.0, 210.0, 205.0, 216.0, 207.0, 213.0, 202.0, 205.0, 195.0, 206.0, 206.0, 207.0, 200.0, 192.0, 177.0, 193.0, 195.0, 192.0, 210.0, 198.0, 207.0, 213.0, 209.0, 198.0, 186.0, 175.0, 178.0, 174.0, 190.0, 209.0, 206.0, 203.0, 197.0, 209.0, 204.0, 207.0, 190.0, 190.0, 192.0, 201.0, 184.0, 177.0, 200.0, 198.0, 204.0, 210.0, 190.0, 177.0, 188.0, 177.0, 190.0, 191.0, 206.0, 231.0, 223.0, 197.0, 197.0];
u15=[356.0, 347.0, 359.0, 334.0, 317.0, 329.0, 330.0, 330.0, 352.0, 345.0, 324.0, 323.0, 322.0, 364.0, 326.0, 331.0, 337.0, 342.0, 370.0, 342.0, 354.0, 327.0, 317.0, 342.0, 332.0, 323.0, 326.0, 301.0, 284.0, 291.0, 292.0, 304.0, 290.0, 273.0, 264.0, 292.0, 289.0, 293.0, 316.0, 288.0, 256.0, 241.0, 246.0, 239.0, 232.0, 214.0, 205.0, 218.0, 219.0, 221.0, 212.0, 217.0, 212.0, 215.0, 227.0, 220.0, 205.0, 205.0, 202.0, 206.0, 192.0, 188.0, 192.0, 184.0, 191.0, 198.0, 218.0, 214.0, 199.0, 191.0, 195.0, 192.0, 198.0, 210.0, 183.0, 201.0, 200.0, 207.0, 198.0, 204.0, 198.0, 204.0, 200.0, 188.0, 177.0, 174.0, 198.0, 199.0, 202.0, 193.0, 193.0, 188.0, 208.0, 199.0, 192.0, 189.0, 192.0, 189.0, 188.0, 180.0, 193.0, 191.0, 191.0, 196.0, 187.0, 197.0, 225.0, 227.0, 229.0, 214.0, 200.0, 189.0, 195.0, 211.0, 210.0, 205.0, 204.0, 206.0, 205.0, 198.0, 200.0, 197.0, 210.0, 204.0, 209.0, 221.0, 231.0, 212.0, 199.0, 210.0, 203.0, 196.0, 186.0, 198.0, 198.0, 199.0, 216.0, 219.0, 207.0, 199.0, 208.0, 203.0, 188.0, 177.0, 178.0, 168.0, 197.0, 199.0, 201.0, 211.0, 201.0, 216.0, 213.0, 217.0, 214.0, 210.0, 183.0, 212.0, 211.0, 182.0, 188.0, 189.0, 188.0, 209.0, 206.0, 184.0, 190.0, 192.0, 191.0, 213.0, 203.0, 183.0, 189.0, 189.0, 222.0, 210.0, 190.0, 203.0, 208.0, 206.0, 192.0, 206.0, 199.0, 191.0, 205.0, 196.0, 209.0, 216.0, 212.0, 198.0, 203.0, 189.0, 190.0, 184.0, 194.0, 211.0, 221.0, 214.0, 211.0, 212.0, 188.0, 197.0, 200.0, 186.0, 211.0, 196.0, 184.0, 187.0, 205.0, 220.0, 233.0, 219.0, 216.0, 221.0, 211.0, 211.0, 213.0, 212.0, 210.0, 205.0, 190.0, 183.0, 185.0, 191.0, 208.0, 211.0, 227.0, 217.0, 218.0, 218.0, 207.0, 211.0, 208.0, 212.0, 213.0, 191.0, 187.0, 203.0, 199.0, 208.0, 197.0, 197.0, 191.0, 194.0, 202.0, 208.0, 205.0, 188.0, 195.0];
u16=[332.0, 325.0, 323.0, 318.0, 306.0, 306.0, 316.0, 310.0, 328.0, 357.0, 345.0, 333.0, 306.0, 314.0, 337.0, 345.0, 354.0, 371.0, 344.0, 307.0, 298.0, 312.0, 291.0, 318.0, 306.0, 329.0, 317.0, 322.0, 294.0, 303.0, 307.0, 318.0, 317.0, 289.0, 311.0, 296.0, 293.0, 285.0, 284.0, 298.0, 256.0, 254.0, 245.0, 248.0, 222.0, 238.0, 222.0, 233.0, 225.0, 209.0, 193.0, 187.0, 197.0, 187.0, 196.0, 202.0, 204.0, 184.0, 193.0, 196.0, 210.0, 207.0, 211.0, 216.0, 219.0, 208.0, 209.0, 210.0, 217.0, 216.0, 201.0, 213.0, 215.0, 207.0, 199.0, 184.0, 202.0, 201.0, 206.0, 198.0, 194.0, 197.0, 207.0, 208.0, 204.0, 207.0, 190.0, 202.0, 200.0, 219.0, 204.0, 192.0, 198.0, 210.0, 209.0, 213.0, 196.0, 212.0, 217.0, 204.0, 214.0, 207.0, 211.0, 200.0, 209.0, 214.0, 208.0, 207.0, 194.0, 198.0, 200.0, 213.0, 216.0, 211.0, 204.0, 190.0, 192.0, 197.0, 203.0, 191.0, 194.0, 205.0, 218.0, 220.0, 226.0, 222.0, 212.0, 220.0, 223.0, 207.0, 188.0, 198.0, 207.0, 194.0, 202.0, 199.0, 211.0, 200.0, 207.0, 201.0, 198.0, 190.0, 187.0, 199.0, 205.0, 209.0, 211.0, 215.0, 216.0, 210.0, 190.0, 211.0, 199.0, 195.0, 205.0, 206.0, 212.0, 234.0, 231.0, 218.0, 209.0, 203.0, 220.0, 194.0, 218.0, 202.0, 203.0, 200.0, 201.0, 215.0, 214.0, 218.0, 216.0, 210.0, 215.0, 212.0, 205.0, 209.0, 210.0, 207.0, 209.0, 179.0, 200.0, 196.0, 192.0, 175.0, 190.0, 212.0, 199.0, 194.0, 203.0, 208.0, 223.0, 207.0, 193.0, 202.0, 217.0, 221.0, 202.0, 202.0, 204.0, 192.0, 194.0, 208.0, 211.0, 213.0, 205.0, 219.0, 217.0, 220.0, 210.0, 214.0, 197.0, 213.0, 228.0, 216.0, 217.0, 220.0, 199.0, 205.0, 197.0, 190.0, 192.0, 200.0, 198.0, 182.0, 184.0, 193.0, 212.0, 211.0, 219.0, 205.0, 214.0, 211.0, 223.0, 207.0, 201.0, 221.0, 212.0, 196.0, 183.0, 186.0, 186.0, 185.0, 183.0, 186.0, 193.0, 199.0, 195.0];
u17=[357.0, 337.0, 304.0, 307.0, 321.0, 347.0, 339.0, 305.0, 300.0, 304.0, 329.0, 338.0, 324.0, 332.0, 317.0, 331.0, 343.0, 327.0, 350.0, 352.0, 339.0, 351.0, 321.0, 312.0, 344.0, 341.0, 321.0, 314.0, 320.0, 295.0, 302.0, 310.0, 306.0, 312.0, 296.0, 305.0, 299.0, 298.0, 270.0, 278.0, 283.0, 253.0, 250.0, 239.0, 247.0, 234.0, 229.0, 214.0, 214.0, 198.0, 203.0, 206.0, 200.0, 198.0, 212.0, 213.0, 206.0, 209.0, 203.0, 198.0, 213.0, 215.0, 212.0, 199.0, 203.0, 193.0, 198.0, 212.0, 213.0, 211.0, 205.0, 190.0, 191.0, 184.0, 178.0, 165.0, 172.0, 182.0, 195.0, 199.0, 203.0, 195.0, 217.0, 202.0, 207.0, 194.0, 195.0, 215.0, 198.0, 194.0, 213.0, 196.0, 196.0, 208.0, 211.0, 211.0, 215.0, 213.0, 215.0, 202.0, 202.0, 195.0, 189.0, 189.0, 196.0, 199.0, 204.0, 195.0, 195.0, 203.0, 205.0, 192.0, 200.0, 188.0, 194.0, 205.0, 182.0, 198.0, 183.0, 182.0, 201.0, 211.0, 190.0, 187.0, 183.0, 182.0, 197.0, 175.0, 205.0, 218.0, 227.0, 207.0, 204.0, 193.0, 196.0, 201.0, 200.0, 210.0, 223.0, 209.0, 216.0, 203.0, 195.0, 190.0, 192.0, 185.0, 195.0, 198.0, 209.0, 217.0, 210.0, 196.0, 206.0, 198.0, 231.0, 231.0, 196.0, 190.0, 189.0, 202.0, 207.0, 209.0, 218.0, 211.0, 210.0, 210.0, 200.0, 190.0, 196.0, 200.0, 210.0, 211.0, 221.0, 203.0, 185.0, 178.0, 183.0, 176.0, 173.0, 192.0, 197.0, 194.0, 206.0, 193.0, 191.0, 184.0, 193.0, 192.0, 199.0, 199.0, 202.0, 186.0, 199.0, 184.0, 187.0, 182.0, 203.0, 201.0, 212.0, 213.0, 221.0, 209.0, 201.0, 191.0, 193.0, 193.0, 198.0, 206.0, 210.0, 211.0, 201.0, 208.0, 207.0, 198.0, 195.0, 203.0, 219.0, 216.0, 215.0, 211.0, 182.0, 178.0, 187.0, 195.0, 196.0, 193.0, 189.0, 182.0, 185.0, 189.0, 181.0, 178.0, 195.0, 198.0, 195.0, 193.0, 180.0, 178.0, 192.0, 183.0, 192.0, 179.0, 184.0, 196.0, 196.0, 208.0, 197.0, 199.0, 215.0];
u18=[378.0, 330.0, 327.0, 296.0, 308.0, 304.0, 332.0, 342.0, 333.0, 345.0, 337.0, 348.0, 349.0, 345.0, 322.0, 336.0, 335.0, 324.0, 328.0, 285.0, 314.0, 300.0, 309.0, 309.0, 310.0, 323.0, 340.0, 294.0, 312.0, 299.0, 304.0, 324.0, 315.0, 318.0, 314.0, 290.0, 268.0, 280.0, 294.0, 286.0, 272.0, 253.0, 259.0, 240.0, 248.0, 240.0, 231.0, 217.0, 204.0, 201.0, 209.0, 215.0, 210.0, 219.0, 233.0, 214.0, 201.0, 207.0, 202.0, 197.0, 198.0, 214.0, 217.0, 212.0, 194.0, 190.0, 178.0, 198.0, 202.0, 195.0, 210.0, 230.0, 225.0, 216.0, 203.0, 186.0, 180.0, 181.0, 182.0, 177.0, 177.0, 202.0, 216.0, 201.0, 220.0, 215.0, 203.0, 176.0, 172.0, 188.0, 182.0, 182.0, 190.0, 187.0, 220.0, 201.0, 189.0, 186.0, 191.0, 192.0, 215.0, 212.0, 225.0, 225.0, 219.0, 193.0, 198.0, 203.0, 205.0, 201.0, 213.0, 214.0, 236.0, 227.0, 227.0, 231.0, 215.0, 201.0, 216.0, 219.0, 214.0, 221.0, 193.0, 199.0, 192.0, 187.0, 202.0, 199.0, 204.0, 207.0, 204.0, 221.0, 198.0, 210.0, 225.0, 218.0, 211.0, 195.0, 200.0, 204.0, 199.0, 200.0, 203.0, 204.0, 201.0, 209.0, 224.0, 220.0, 218.0, 207.0, 210.0, 207.0, 203.0, 200.0, 195.0, 195.0, 194.0, 200.0, 199.0, 205.0, 212.0, 196.0, 202.0, 208.0, 208.0, 216.0, 231.0, 228.0, 209.0, 207.0, 205.0, 192.0, 204.0, 204.0, 200.0, 191.0, 198.0, 208.0, 211.0, 205.0, 194.0, 194.0, 208.0, 205.0, 212.0, 203.0, 205.0, 220.0, 213.0, 207.0, 207.0, 201.0, 194.0, 196.0, 211.0, 223.0, 215.0, 209.0, 195.0, 201.0, 200.0, 196.0, 201.0, 189.0, 196.0, 191.0, 193.0, 202.0, 219.0, 223.0, 218.0, 215.0, 191.0, 179.0, 201.0, 195.0, 189.0, 193.0, 198.0, 193.0, 207.0, 195.0, 174.0, 200.0, 200.0, 201.0, 193.0, 197.0, 191.0, 219.0, 226.0, 204.0, 202.0, 200.0, 194.0, 189.0, 202.0, 203.0, 184.0, 192.0, 189.0, 192.0, 188.0, 192.0, 186.0, 193.0, 206.0, 216.0, 205.0];
u19=[344.0, 345.0, 342.0, 333.0, 310.0, 317.0, 329.0, 308.0, 293.0, 310.0, 320.0, 337.0, 313.0, 307.0, 292.0, 307.0, 353.0, 338.0, 310.0, 308.0, 341.0, 326.0, 312.0, 315.0, 305.0, 321.0, 332.0, 331.0, 342.0, 320.0, 318.0, 299.0, 312.0, 302.0, 312.0, 278.0, 264.0, 274.0, 291.0, 273.0, 265.0, 251.0, 246.0, 241.0, 252.0, 245.0, 240.0, 226.0, 213.0, 216.0, 215.0, 217.0, 206.0, 210.0, 214.0, 220.0, 224.0, 204.0, 190.0, 180.0, 171.0, 184.0, 192.0, 184.0, 185.0, 190.0, 195.0, 200.0, 197.0, 196.0, 195.0, 196.0, 202.0, 197.0, 190.0, 194.0, 202.0, 207.0, 205.0, 210.0, 202.0, 221.0, 202.0, 196.0, 190.0, 190.0, 206.0, 219.0, 204.0, 215.0, 204.0, 201.0, 207.0, 209.0, 216.0, 211.0, 199.0, 199.0, 208.0, 203.0, 194.0, 201.0, 195.0, 171.0, 187.0, 197.0, 188.0, 185.0, 199.0, 187.0, 187.0, 172.0, 207.0, 209.0, 211.0, 221.0, 207.0, 197.0, 200.0, 199.0, 208.0, 190.0, 198.0, 196.0, 199.0, 192.0, 208.0, 205.0, 209.0, 201.0, 198.0, 185.0, 187.0, 209.0, 198.0, 197.0, 204.0, 208.0, 215.0, 198.0, 181.0, 192.0, 205.0, 206.0, 213.0, 199.0, 205.0, 188.0, 187.0, 199.0, 198.0, 199.0, 208.0, 187.0, 219.0, 219.0, 203.0, 197.0, 192.0, 197.0, 186.0, 198.0, 192.0, 200.0, 185.0, 199.0, 185.0, 190.0, 187.0, 198.0, 203.0, 203.0, 197.0, 194.0, 186.0, 180.0, 183.0, 204.0, 200.0, 187.0, 191.0, 191.0, 200.0, 193.0, 199.0, 203.0, 196.0, 192.0, 188.0, 194.0, 204.0, 216.0, 209.0, 217.0, 219.0, 221.0, 216.0, 209.0, 233.0, 213.0, 202.0, 186.0, 203.0, 200.0, 206.0, 211.0, 217.0, 203.0, 208.0, 214.0, 210.0, 208.0, 207.0, 207.0, 189.0, 199.0, 213.0, 199.0, 197.0, 206.0, 206.0, 210.0, 199.0, 193.0, 201.0, 192.0, 199.0, 193.0, 201.0, 203.0, 213.0, 216.0, 201.0, 215.0, 206.0, 197.0, 196.0, 195.0, 201.0, 190.0, 180.0, 196.0, 182.0, 168.0, 191.0, 203.0, 214.0, 208.0, 196.0];
u=[u0; u1; u2; u3; u4; u5; u6; u7; u8; u9; u10; u11; u12; u13; u14; u15; u16; u17; u18; u19; ];
vect=200*(1:length(u0));
taille = length(u0);
umean=zeros(taille,1);
uintervalleincertitude = zeros(taille,2);
for i = 1:taille;
			umean(i) = mean(u(:,i));
			nombredeVecteurs=length(u(:,1));
			uincertitude(i) = std(u(:,i))/sqrt(nombredeVecteurs);
			uintervalleincertitude(i,1) = umean(i) + uincertitude(i)*1.96;
			uintervalleincertitude(i,2) = umean(i) - uincertitude(i)*1.96;
			end;
plot(vect,uintervalleincertitude,'b--');
hold on;
			%Constante k : 0.001


%Seed du coloriage : 1123361229
%Recuit Simulé Exponentiel
%Nombre d'itération : 50000

u0=[293.0, 283.0, 264.0, 291.0, 264.0, 260.0, 258.0, 234.0, 213.0, 185.0, 175.0, 153.0, 143.0, 127.0, 123.0, 110.0, 96.0, 91.0, 80.0, 75.0, 69.0, 63.0, 61.0, 58.0, 56.0, 53.0, 49.0, 45.0, 44.0, 42.0, 42.0, 41.0, 41.0, 40.0, 38.0, 36.0, 36.0, 36.0, 36.0, 36.0, 34.0, 33.0, 32.0, 31.0, 29.0, 28.0, 28.0, 27.0, 26.0, 26.0, 26.0, 26.0, 26.0, 25.0, 25.0, 25.0, 25.0, 24.0, 24.0, 24.0, 24.0, 24.0, 24.0, 23.0, 22.0, 22.0, 22.0, 22.0, 21.0, 20.0, 19.0, 17.0, 16.0, 16.0, 16.0, 16.0, 16.0, 16.0, 16.0, 16.0, 16.0, 16.0, 16.0, 15.0, 15.0, 15.0, 15.0, 15.0, 15.0, 14.0, 13.0, 13.0, 13.0, 13.0, 13.0, 13.0, 13.0, 13.0, 13.0, 13.0, 13.0, 13.0, 13.0, 13.0, 13.0, 13.0, 13.0, 13.0, 13.0, 12.0, 12.0, 11.0, 11.0, 11.0, 11.0, 10.0, 10.0, 10.0, 10.0, 10.0, 10.0, 10.0, 10.0, 10.0, 10.0, 10.0, 10.0, 10.0, 10.0, 10.0, 10.0, 10.0, 10.0, 10.0, 10.0, 10.0, 10.0, 10.0, 10.0, 10.0, 10.0, 10.0, 10.0, 9.0, 9.0, 9.0, 9.0, 9.0, 9.0, 9.0, 9.0, 9.0, 9.0, 9.0, 9.0, 9.0, 9.0, 9.0, 9.0, 9.0, 8.0, 8.0, 8.0, 8.0, 8.0, 8.0, 8.0, 8.0, 8.0, 8.0, 8.0, 8.0, 8.0, 7.0, 6.0, 6.0, 6.0, 6.0, 6.0, 6.0, 6.0, 6.0, 6.0, 6.0, 6.0, 6.0, 6.0, 6.0, 6.0, 6.0, 6.0, 6.0, 6.0, 6.0, 6.0, 5.0, 5.0, 5.0, 5.0, 5.0, 5.0, 5.0, 5.0, 5.0, 5.0, 5.0, 5.0, 5.0, 5.0, 5.0, 5.0, 5.0, 5.0, 5.0, 5.0, 5.0, 5.0, 5.0, 5.0, 5.0, 5.0, 5.0, 5.0, 5.0, 5.0, 5.0, 5.0, 5.0, 5.0, 5.0, 5.0, 5.0, 5.0, 5.0, 5.0, 5.0, 5.0, 5.0, 5.0, 5.0, 5.0, 5.0, 5.0, 5.0, 5.0, 5.0, 5.0, 5.0, 5.0];
u1=[296.0, 313.0, 276.0, 293.0, 269.0, 248.0, 238.0, 221.0, 220.0, 196.0, 187.0, 162.0, 156.0, 141.0, 132.0, 119.0, 102.0, 93.0, 87.0, 77.0, 72.0, 68.0, 65.0, 62.0, 60.0, 58.0, 55.0, 52.0, 49.0, 45.0, 45.0, 43.0, 38.0, 38.0, 36.0, 36.0, 36.0, 36.0, 35.0, 34.0, 32.0, 31.0, 31.0, 31.0, 29.0, 29.0, 29.0, 28.0, 28.0, 28.0, 26.0, 25.0, 25.0, 25.0, 25.0, 23.0, 23.0, 23.0, 23.0, 23.0, 20.0, 20.0, 20.0, 20.0, 18.0, 17.0, 17.0, 17.0, 17.0, 16.0, 16.0, 16.0, 16.0, 16.0, 16.0, 16.0, 16.0, 16.0, 16.0, 15.0, 15.0, 15.0, 15.0, 14.0, 14.0, 14.0, 14.0, 14.0, 14.0, 13.0, 13.0, 13.0, 13.0, 13.0, 12.0, 12.0, 12.0, 12.0, 12.0, 12.0, 11.0, 11.0, 11.0, 11.0, 11.0, 11.0, 11.0, 11.0, 11.0, 11.0, 11.0, 11.0, 11.0, 11.0, 11.0, 11.0, 11.0, 11.0, 10.0, 10.0, 10.0, 10.0, 10.0, 10.0, 10.0, 10.0, 10.0, 10.0, 10.0, 10.0, 8.0, 8.0, 8.0, 8.0, 8.0, 8.0, 8.0, 8.0, 8.0, 8.0, 8.0, 8.0, 7.0, 7.0, 7.0, 7.0, 7.0, 7.0, 7.0, 7.0, 7.0, 7.0, 7.0, 7.0, 7.0, 7.0, 7.0, 7.0, 7.0, 7.0, 7.0, 7.0, 7.0, 7.0, 7.0, 7.0, 7.0, 7.0, 7.0, 7.0, 7.0, 7.0, 7.0, 7.0, 6.0, 6.0, 6.0, 6.0, 6.0, 6.0, 6.0, 6.0, 6.0, 5.0, 5.0, 5.0, 5.0, 5.0, 5.0, 5.0, 5.0, 5.0, 4.0, 4.0, 4.0, 4.0, 4.0, 4.0, 4.0, 4.0, 4.0, 4.0, 4.0, 4.0, 4.0, 3.0, 3.0, 3.0, 3.0, 3.0, 3.0, 3.0, 3.0, 3.0, 3.0, 3.0, 3.0, 3.0, 3.0, 3.0, 3.0, 3.0, 3.0, 3.0, 3.0, 3.0, 3.0, 3.0, 3.0, 3.0, 3.0, 3.0, 3.0, 3.0, 3.0, 3.0, 3.0, 3.0, 3.0, 3.0, 3.0, 3.0, 3.0, 3.0, 3.0, 3.0, 3.0, 3.0, 3.0];
u2=[312.0, 299.0, 303.0, 282.0, 261.0, 247.0, 226.0, 220.0, 216.0, 204.0, 196.0, 182.0, 161.0, 136.0, 123.0, 111.0, 101.0, 87.0, 83.0, 79.0, 76.0, 73.0, 68.0, 64.0, 63.0, 60.0, 56.0, 53.0, 52.0, 48.0, 45.0, 42.0, 41.0, 41.0, 41.0, 40.0, 38.0, 37.0, 36.0, 35.0, 35.0, 34.0, 31.0, 30.0, 30.0, 29.0, 29.0, 29.0, 29.0, 27.0, 27.0, 25.0, 24.0, 22.0, 22.0, 22.0, 22.0, 22.0, 22.0, 21.0, 21.0, 21.0, 21.0, 21.0, 21.0, 21.0, 21.0, 21.0, 19.0, 18.0, 18.0, 18.0, 18.0, 18.0, 18.0, 18.0, 18.0, 18.0, 18.0, 18.0, 18.0, 17.0, 17.0, 14.0, 13.0, 13.0, 13.0, 13.0, 12.0, 12.0, 12.0, 12.0, 12.0, 12.0, 12.0, 12.0, 12.0, 12.0, 12.0, 12.0, 12.0, 12.0, 12.0, 12.0, 12.0, 12.0, 12.0, 12.0, 12.0, 12.0, 12.0, 12.0, 12.0, 12.0, 12.0, 10.0, 10.0, 10.0, 9.0, 9.0, 9.0, 9.0, 9.0, 9.0, 9.0, 9.0, 9.0, 9.0, 9.0, 8.0, 8.0, 8.0, 8.0, 8.0, 8.0, 8.0, 8.0, 8.0, 8.0, 8.0, 8.0, 8.0, 8.0, 8.0, 8.0, 8.0, 8.0, 8.0, 8.0, 8.0, 8.0, 8.0, 8.0, 8.0, 8.0, 8.0, 8.0, 8.0, 8.0, 8.0, 8.0, 8.0, 8.0, 8.0, 8.0, 8.0, 8.0, 8.0, 8.0, 8.0, 8.0, 8.0, 8.0, 8.0, 7.0, 7.0, 7.0, 7.0, 7.0, 7.0, 7.0, 7.0, 7.0, 7.0, 7.0, 7.0, 7.0, 7.0, 7.0, 7.0, 7.0, 7.0, 7.0, 7.0, 6.0, 6.0, 6.0, 6.0, 6.0, 6.0, 6.0, 6.0, 6.0, 6.0, 6.0, 6.0, 6.0, 6.0, 6.0, 6.0, 6.0, 6.0, 6.0, 6.0, 6.0, 6.0, 6.0, 6.0, 6.0, 6.0, 6.0, 6.0, 6.0, 6.0, 6.0, 6.0, 5.0, 5.0, 5.0, 5.0, 5.0, 5.0, 5.0, 5.0, 5.0, 5.0, 5.0, 5.0, 5.0, 5.0, 5.0, 5.0, 5.0, 5.0, 5.0, 4.0, 4.0, 4.0, 4.0];
u3=[322.0, 279.0, 276.0, 258.0, 257.0, 228.0, 210.0, 209.0, 199.0, 180.0, 174.0, 147.0, 151.0, 136.0, 117.0, 113.0, 104.0, 89.0, 83.0, 82.0, 78.0, 71.0, 67.0, 66.0, 63.0, 62.0, 59.0, 58.0, 57.0, 53.0, 49.0, 48.0, 47.0, 45.0, 44.0, 42.0, 41.0, 41.0, 39.0, 39.0, 38.0, 37.0, 36.0, 36.0, 33.0, 32.0, 32.0, 32.0, 30.0, 29.0, 28.0, 28.0, 28.0, 26.0, 25.0, 24.0, 24.0, 24.0, 24.0, 24.0, 24.0, 24.0, 24.0, 24.0, 22.0, 22.0, 22.0, 22.0, 22.0, 22.0, 21.0, 21.0, 21.0, 21.0, 21.0, 21.0, 21.0, 21.0, 20.0, 20.0, 20.0, 20.0, 20.0, 20.0, 20.0, 20.0, 20.0, 20.0, 20.0, 20.0, 19.0, 19.0, 19.0, 19.0, 19.0, 19.0, 19.0, 19.0, 18.0, 18.0, 18.0, 18.0, 18.0, 18.0, 18.0, 18.0, 18.0, 18.0, 18.0, 17.0, 17.0, 16.0, 16.0, 16.0, 16.0, 15.0, 15.0, 15.0, 15.0, 15.0, 15.0, 15.0, 15.0, 15.0, 15.0, 14.0, 14.0, 14.0, 14.0, 14.0, 14.0, 14.0, 14.0, 13.0, 12.0, 12.0, 12.0, 12.0, 12.0, 12.0, 12.0, 12.0, 12.0, 12.0, 11.0, 11.0, 11.0, 11.0, 11.0, 11.0, 11.0, 11.0, 11.0, 11.0, 11.0, 11.0, 11.0, 11.0, 11.0, 11.0, 11.0, 11.0, 11.0, 11.0, 11.0, 11.0, 11.0, 11.0, 11.0, 11.0, 11.0, 10.0, 10.0, 10.0, 10.0, 10.0, 10.0, 10.0, 10.0, 10.0, 10.0, 9.0, 9.0, 9.0, 9.0, 8.0, 8.0, 8.0, 8.0, 8.0, 8.0, 8.0, 8.0, 8.0, 8.0, 8.0, 8.0, 8.0, 8.0, 8.0, 8.0, 8.0, 8.0, 8.0, 8.0, 8.0, 8.0, 8.0, 8.0, 7.0, 7.0, 7.0, 7.0, 7.0, 7.0, 7.0, 7.0, 7.0, 7.0, 7.0, 7.0, 7.0, 7.0, 6.0, 6.0, 6.0, 6.0, 6.0, 6.0, 6.0, 6.0, 6.0, 6.0, 6.0, 6.0, 6.0, 6.0, 6.0, 6.0, 6.0, 6.0, 6.0, 6.0, 6.0, 6.0, 6.0, 6.0, 6.0, 6.0];
u4=[328.0, 302.0, 290.0, 271.0, 266.0, 245.0, 244.0, 241.0, 219.0, 193.0, 184.0, 167.0, 152.0, 131.0, 114.0, 100.0, 90.0, 74.0, 68.0, 63.0, 59.0, 57.0, 57.0, 55.0, 53.0, 47.0, 47.0, 45.0, 43.0, 40.0, 39.0, 39.0, 38.0, 36.0, 34.0, 34.0, 32.0, 32.0, 31.0, 31.0, 30.0, 29.0, 27.0, 26.0, 23.0, 23.0, 23.0, 23.0, 23.0, 23.0, 23.0, 23.0, 23.0, 23.0, 23.0, 22.0, 22.0, 20.0, 20.0, 20.0, 20.0, 20.0, 20.0, 19.0, 19.0, 19.0, 18.0, 17.0, 17.0, 17.0, 16.0, 16.0, 15.0, 15.0, 15.0, 15.0, 14.0, 14.0, 14.0, 14.0, 14.0, 13.0, 13.0, 13.0, 11.0, 11.0, 11.0, 11.0, 11.0, 11.0, 11.0, 11.0, 11.0, 11.0, 10.0, 10.0, 10.0, 10.0, 10.0, 10.0, 10.0, 10.0, 10.0, 10.0, 10.0, 10.0, 10.0, 10.0, 10.0, 10.0, 10.0, 10.0, 10.0, 10.0, 10.0, 10.0, 10.0, 9.0, 9.0, 9.0, 9.0, 9.0, 8.0, 8.0, 8.0, 8.0, 8.0, 8.0, 8.0, 8.0, 8.0, 8.0, 8.0, 8.0, 8.0, 8.0, 8.0, 8.0, 8.0, 7.0, 7.0, 7.0, 7.0, 7.0, 7.0, 7.0, 7.0, 7.0, 7.0, 6.0, 6.0, 6.0, 6.0, 6.0, 6.0, 6.0, 6.0, 6.0, 6.0, 6.0, 6.0, 6.0, 6.0, 6.0, 6.0, 6.0, 6.0, 6.0, 6.0, 6.0, 6.0, 6.0, 6.0, 6.0, 6.0, 6.0, 6.0, 6.0, 6.0, 6.0, 6.0, 6.0, 6.0, 6.0, 6.0, 6.0, 6.0, 6.0, 6.0, 6.0, 6.0, 6.0, 6.0, 6.0, 6.0, 6.0, 6.0, 6.0, 6.0, 6.0, 6.0, 6.0, 6.0, 5.0, 4.0, 4.0, 4.0, 4.0, 4.0, 4.0, 4.0, 4.0, 4.0, 4.0, 4.0, 4.0, 4.0, 4.0, 4.0, 4.0, 4.0, 4.0, 4.0, 4.0, 4.0, 4.0, 4.0, 4.0, 4.0, 4.0, 4.0, 4.0, 4.0, 4.0, 4.0, 4.0, 4.0, 4.0, 4.0, 4.0, 4.0, 4.0, 4.0, 4.0, 4.0, 4.0, 4.0, 4.0, 4.0];
u5=[343.0, 305.0, 275.0, 246.0, 241.0, 257.0, 238.0, 216.0, 212.0, 191.0, 179.0, 165.0, 157.0, 134.0, 126.0, 108.0, 93.0, 84.0, 79.0, 75.0, 66.0, 62.0, 58.0, 54.0, 50.0, 48.0, 46.0, 43.0, 41.0, 40.0, 38.0, 37.0, 36.0, 35.0, 35.0, 35.0, 35.0, 35.0, 35.0, 35.0, 33.0, 33.0, 30.0, 29.0, 29.0, 29.0, 29.0, 28.0, 28.0, 28.0, 28.0, 28.0, 26.0, 26.0, 25.0, 25.0, 25.0, 24.0, 24.0, 24.0, 23.0, 23.0, 23.0, 22.0, 22.0, 19.0, 19.0, 19.0, 19.0, 19.0, 19.0, 19.0, 19.0, 19.0, 19.0, 18.0, 18.0, 18.0, 18.0, 18.0, 18.0, 18.0, 18.0, 18.0, 18.0, 18.0, 18.0, 18.0, 18.0, 18.0, 18.0, 18.0, 18.0, 18.0, 18.0, 17.0, 17.0, 17.0, 17.0, 17.0, 17.0, 17.0, 16.0, 16.0, 16.0, 16.0, 16.0, 16.0, 16.0, 16.0, 15.0, 15.0, 15.0, 14.0, 14.0, 14.0, 14.0, 14.0, 14.0, 14.0, 14.0, 14.0, 14.0, 14.0, 14.0, 13.0, 13.0, 13.0, 13.0, 13.0, 13.0, 12.0, 12.0, 12.0, 11.0, 11.0, 11.0, 10.0, 10.0, 10.0, 9.0, 9.0, 9.0, 9.0, 9.0, 9.0, 9.0, 8.0, 8.0, 8.0, 8.0, 8.0, 8.0, 8.0, 8.0, 7.0, 7.0, 7.0, 7.0, 7.0, 7.0, 7.0, 7.0, 7.0, 7.0, 7.0, 6.0, 6.0, 5.0, 5.0, 5.0, 5.0, 5.0, 5.0, 5.0, 4.0, 4.0, 4.0, 3.0, 3.0, 3.0, 3.0, 3.0, 3.0, 3.0, 3.0, 3.0, 3.0, 3.0, 3.0, 3.0, 3.0, 3.0, 3.0, 3.0, 3.0, 3.0, 3.0, 3.0, 3.0, 3.0, 3.0, 3.0, 3.0, 3.0, 3.0, 3.0, 3.0, 3.0, 3.0, 3.0, 3.0, 3.0, 3.0, 3.0, 3.0, 3.0, 3.0, 3.0, 3.0, 3.0, 3.0, 3.0, 3.0, 3.0, 3.0, 3.0, 3.0, 3.0, 3.0, 3.0, 3.0, 3.0, 3.0, 3.0, 3.0, 3.0, 3.0, 3.0, 3.0, 3.0, 3.0, 3.0, 3.0, 3.0, 3.0, 3.0, 3.0, 3.0];
u6=[286.0, 281.0, 282.0, 272.0, 246.0, 247.0, 254.0, 222.0, 212.0, 187.0, 175.0, 162.0, 154.0, 128.0, 114.0, 105.0, 102.0, 94.0, 85.0, 79.0, 75.0, 70.0, 65.0, 63.0, 61.0, 57.0, 54.0, 53.0, 51.0, 48.0, 46.0, 43.0, 41.0, 39.0, 38.0, 36.0, 36.0, 36.0, 35.0, 34.0, 34.0, 34.0, 34.0, 33.0, 32.0, 31.0, 31.0, 28.0, 27.0, 27.0, 27.0, 27.0, 27.0, 27.0, 27.0, 27.0, 27.0, 27.0, 26.0, 26.0, 26.0, 26.0, 26.0, 25.0, 23.0, 22.0, 21.0, 19.0, 19.0, 19.0, 19.0, 19.0, 19.0, 19.0, 19.0, 18.0, 18.0, 18.0, 17.0, 17.0, 17.0, 17.0, 17.0, 17.0, 17.0, 17.0, 17.0, 17.0, 16.0, 16.0, 16.0, 15.0, 15.0, 15.0, 15.0, 15.0, 15.0, 15.0, 15.0, 15.0, 15.0, 14.0, 13.0, 12.0, 12.0, 12.0, 12.0, 12.0, 12.0, 12.0, 12.0, 12.0, 11.0, 11.0, 11.0, 11.0, 11.0, 11.0, 11.0, 11.0, 11.0, 10.0, 10.0, 10.0, 10.0, 10.0, 10.0, 10.0, 10.0, 10.0, 10.0, 10.0, 10.0, 10.0, 10.0, 10.0, 10.0, 10.0, 9.0, 9.0, 8.0, 8.0, 8.0, 7.0, 7.0, 7.0, 7.0, 7.0, 6.0, 6.0, 6.0, 6.0, 6.0, 6.0, 6.0, 6.0, 6.0, 6.0, 6.0, 6.0, 6.0, 6.0, 6.0, 6.0, 6.0, 6.0, 6.0, 6.0, 6.0, 6.0, 6.0, 6.0, 6.0, 6.0, 6.0, 6.0, 6.0, 6.0, 6.0, 6.0, 6.0, 6.0, 6.0, 6.0, 6.0, 6.0, 5.0, 5.0, 5.0, 5.0, 5.0, 5.0, 5.0, 5.0, 5.0, 5.0, 5.0, 5.0, 5.0, 5.0, 5.0, 5.0, 5.0, 5.0, 5.0, 5.0, 5.0, 5.0, 5.0, 5.0, 5.0, 5.0, 5.0, 5.0, 5.0, 5.0, 5.0, 5.0, 5.0, 5.0, 5.0, 5.0, 5.0, 5.0, 5.0, 5.0, 5.0, 5.0, 5.0, 5.0, 5.0, 5.0, 5.0, 5.0, 5.0, 5.0, 5.0, 5.0, 5.0, 5.0, 5.0, 5.0, 5.0, 5.0, 5.0, 5.0, 5.0, 5.0, 5.0];
u7=[302.0, 314.0, 303.0, 262.0, 254.0, 246.0, 223.0, 228.0, 200.0, 191.0, 182.0, 174.0, 151.0, 139.0, 129.0, 114.0, 102.0, 94.0, 85.0, 81.0, 79.0, 76.0, 71.0, 69.0, 64.0, 56.0, 54.0, 53.0, 52.0, 51.0, 47.0, 44.0, 42.0, 40.0, 39.0, 38.0, 34.0, 34.0, 33.0, 33.0, 32.0, 30.0, 28.0, 28.0, 28.0, 27.0, 27.0, 27.0, 27.0, 27.0, 27.0, 27.0, 27.0, 27.0, 26.0, 25.0, 24.0, 24.0, 23.0, 23.0, 23.0, 23.0, 22.0, 22.0, 22.0, 22.0, 22.0, 19.0, 19.0, 19.0, 19.0, 18.0, 18.0, 18.0, 18.0, 18.0, 18.0, 18.0, 17.0, 16.0, 15.0, 14.0, 14.0, 14.0, 14.0, 14.0, 13.0, 13.0, 13.0, 13.0, 13.0, 13.0, 12.0, 12.0, 11.0, 11.0, 11.0, 11.0, 11.0, 11.0, 11.0, 11.0, 11.0, 11.0, 11.0, 11.0, 11.0, 11.0, 11.0, 11.0, 11.0, 11.0, 11.0, 11.0, 11.0, 11.0, 11.0, 11.0, 11.0, 11.0, 11.0, 10.0, 9.0, 9.0, 9.0, 9.0, 9.0, 9.0, 9.0, 9.0, 9.0, 9.0, 9.0, 9.0, 9.0, 9.0, 9.0, 9.0, 9.0, 9.0, 9.0, 9.0, 9.0, 9.0, 9.0, 9.0, 9.0, 9.0, 9.0, 9.0, 9.0, 9.0, 9.0, 9.0, 9.0, 9.0, 9.0, 9.0, 9.0, 9.0, 9.0, 9.0, 9.0, 9.0, 9.0, 9.0, 9.0, 9.0, 9.0, 9.0, 8.0, 8.0, 8.0, 8.0, 8.0, 8.0, 8.0, 8.0, 8.0, 8.0, 8.0, 8.0, 8.0, 8.0, 8.0, 8.0, 8.0, 8.0, 8.0, 8.0, 8.0, 8.0, 8.0, 8.0, 8.0, 8.0, 8.0, 8.0, 8.0, 8.0, 8.0, 8.0, 8.0, 8.0, 8.0, 8.0, 8.0, 8.0, 8.0, 8.0, 8.0, 8.0, 8.0, 8.0, 8.0, 8.0, 8.0, 8.0, 8.0, 8.0, 8.0, 8.0, 8.0, 8.0, 8.0, 8.0, 8.0, 8.0, 8.0, 8.0, 8.0, 8.0, 8.0, 7.0, 7.0, 7.0, 7.0, 7.0, 7.0, 7.0, 7.0, 7.0, 7.0, 7.0, 7.0, 7.0, 7.0, 7.0, 7.0];
u8=[312.0, 309.0, 265.0, 273.0, 280.0, 251.0, 233.0, 229.0, 200.0, 186.0, 173.0, 151.0, 133.0, 123.0, 109.0, 100.0, 90.0, 85.0, 78.0, 72.0, 67.0, 64.0, 58.0, 58.0, 54.0, 52.0, 51.0, 45.0, 41.0, 40.0, 40.0, 39.0, 39.0, 39.0, 37.0, 36.0, 35.0, 34.0, 34.0, 31.0, 30.0, 30.0, 29.0, 29.0, 28.0, 28.0, 28.0, 26.0, 26.0, 26.0, 25.0, 25.0, 24.0, 24.0, 24.0, 23.0, 23.0, 23.0, 22.0, 22.0, 22.0, 22.0, 22.0, 22.0, 22.0, 22.0, 22.0, 21.0, 20.0, 20.0, 20.0, 20.0, 20.0, 19.0, 19.0, 19.0, 19.0, 19.0, 19.0, 18.0, 18.0, 18.0, 18.0, 18.0, 17.0, 17.0, 14.0, 14.0, 14.0, 14.0, 14.0, 13.0, 12.0, 12.0, 12.0, 12.0, 12.0, 12.0, 12.0, 12.0, 12.0, 12.0, 12.0, 12.0, 12.0, 11.0, 11.0, 11.0, 11.0, 11.0, 11.0, 11.0, 11.0, 11.0, 11.0, 11.0, 11.0, 11.0, 11.0, 11.0, 11.0, 11.0, 11.0, 11.0, 11.0, 11.0, 11.0, 11.0, 11.0, 11.0, 10.0, 10.0, 10.0, 10.0, 10.0, 10.0, 10.0, 10.0, 9.0, 9.0, 9.0, 9.0, 9.0, 9.0, 9.0, 9.0, 9.0, 9.0, 9.0, 9.0, 9.0, 9.0, 9.0, 9.0, 8.0, 8.0, 8.0, 8.0, 8.0, 7.0, 7.0, 7.0, 6.0, 6.0, 6.0, 6.0, 6.0, 6.0, 6.0, 6.0, 6.0, 6.0, 6.0, 6.0, 6.0, 6.0, 6.0, 6.0, 6.0, 6.0, 6.0, 6.0, 6.0, 5.0, 5.0, 5.0, 5.0, 5.0, 5.0, 5.0, 5.0, 5.0, 5.0, 5.0, 5.0, 5.0, 5.0, 4.0, 4.0, 4.0, 4.0, 4.0, 4.0, 4.0, 4.0, 4.0, 4.0, 4.0, 4.0, 4.0, 4.0, 4.0, 4.0, 4.0, 4.0, 4.0, 4.0, 4.0, 4.0, 4.0, 4.0, 4.0, 4.0, 4.0, 4.0, 4.0, 4.0, 4.0, 4.0, 4.0, 4.0, 4.0, 4.0, 4.0, 4.0, 4.0, 4.0, 4.0, 4.0, 4.0, 4.0, 4.0, 4.0, 4.0, 4.0, 4.0, 4.0, 4.0, 4.0];
u9=[288.0, 316.0, 313.0, 296.0, 277.0, 264.0, 232.0, 235.0, 218.0, 202.0, 175.0, 152.0, 133.0, 123.0, 107.0, 97.0, 89.0, 81.0, 75.0, 71.0, 68.0, 63.0, 58.0, 56.0, 53.0, 53.0, 52.0, 50.0, 46.0, 44.0, 41.0, 39.0, 38.0, 37.0, 37.0, 37.0, 35.0, 34.0, 32.0, 32.0, 31.0, 31.0, 29.0, 27.0, 26.0, 25.0, 25.0, 25.0, 25.0, 25.0, 25.0, 25.0, 25.0, 24.0, 24.0, 24.0, 22.0, 22.0, 20.0, 20.0, 20.0, 19.0, 19.0, 19.0, 18.0, 18.0, 18.0, 18.0, 18.0, 18.0, 17.0, 17.0, 17.0, 17.0, 17.0, 17.0, 16.0, 15.0, 15.0, 15.0, 15.0, 15.0, 15.0, 15.0, 15.0, 15.0, 15.0, 14.0, 14.0, 14.0, 14.0, 13.0, 13.0, 13.0, 13.0, 13.0, 13.0, 13.0, 13.0, 13.0, 13.0, 12.0, 12.0, 12.0, 12.0, 12.0, 12.0, 12.0, 12.0, 12.0, 12.0, 11.0, 11.0, 10.0, 10.0, 10.0, 9.0, 9.0, 9.0, 9.0, 9.0, 9.0, 9.0, 9.0, 9.0, 9.0, 9.0, 9.0, 9.0, 9.0, 9.0, 9.0, 9.0, 9.0, 9.0, 9.0, 8.0, 8.0, 8.0, 8.0, 8.0, 8.0, 8.0, 8.0, 8.0, 8.0, 8.0, 8.0, 6.0, 6.0, 6.0, 6.0, 6.0, 6.0, 6.0, 6.0, 6.0, 6.0, 6.0, 6.0, 6.0, 6.0, 6.0, 6.0, 6.0, 6.0, 6.0, 6.0, 6.0, 6.0, 6.0, 6.0, 6.0, 6.0, 6.0, 6.0, 6.0, 6.0, 6.0, 6.0, 6.0, 6.0, 6.0, 6.0, 6.0, 6.0, 6.0, 6.0, 6.0, 6.0, 6.0, 6.0, 6.0, 6.0, 6.0, 6.0, 6.0, 6.0, 6.0, 6.0, 6.0, 6.0, 6.0, 6.0, 6.0, 6.0, 6.0, 6.0, 6.0, 6.0, 6.0, 6.0, 6.0, 6.0, 6.0, 6.0, 6.0, 6.0, 6.0, 6.0, 6.0, 6.0, 6.0, 6.0, 6.0, 6.0, 6.0, 6.0, 5.0, 5.0, 5.0, 5.0, 5.0, 5.0, 5.0, 5.0, 5.0, 5.0, 5.0, 5.0, 5.0, 5.0, 4.0, 4.0, 4.0, 4.0, 4.0, 4.0, 4.0];
u10=[294.0, 296.0, 269.0, 262.0, 255.0, 243.0, 224.0, 209.0, 197.0, 182.0, 155.0, 150.0, 141.0, 131.0, 116.0, 110.0, 99.0, 91.0, 81.0, 72.0, 68.0, 65.0, 62.0, 57.0, 53.0, 52.0, 50.0, 47.0, 46.0, 44.0, 42.0, 42.0, 42.0, 40.0, 39.0, 38.0, 38.0, 36.0, 35.0, 34.0, 34.0, 34.0, 33.0, 32.0, 32.0, 32.0, 31.0, 31.0, 31.0, 29.0, 28.0, 27.0, 27.0, 27.0, 27.0, 27.0, 27.0, 27.0, 26.0, 26.0, 25.0, 24.0, 24.0, 24.0, 23.0, 23.0, 22.0, 21.0, 20.0, 18.0, 18.0, 18.0, 17.0, 17.0, 17.0, 17.0, 17.0, 17.0, 17.0, 17.0, 17.0, 17.0, 17.0, 17.0, 16.0, 16.0, 16.0, 16.0, 16.0, 16.0, 16.0, 16.0, 16.0, 16.0, 16.0, 16.0, 16.0, 16.0, 16.0, 15.0, 15.0, 15.0, 15.0, 15.0, 15.0, 15.0, 15.0, 13.0, 12.0, 12.0, 12.0, 12.0, 11.0, 11.0, 11.0, 11.0, 11.0, 11.0, 10.0, 10.0, 10.0, 10.0, 10.0, 10.0, 10.0, 10.0, 10.0, 10.0, 10.0, 10.0, 10.0, 10.0, 10.0, 10.0, 10.0, 10.0, 10.0, 10.0, 10.0, 10.0, 10.0, 10.0, 10.0, 10.0, 10.0, 10.0, 10.0, 10.0, 10.0, 10.0, 9.0, 9.0, 9.0, 9.0, 9.0, 9.0, 9.0, 9.0, 9.0, 9.0, 9.0, 9.0, 9.0, 9.0, 9.0, 9.0, 9.0, 9.0, 9.0, 9.0, 9.0, 9.0, 8.0, 8.0, 8.0, 6.0, 6.0, 6.0, 6.0, 6.0, 6.0, 6.0, 6.0, 6.0, 6.0, 6.0, 5.0, 5.0, 5.0, 5.0, 5.0, 5.0, 5.0, 5.0, 5.0, 5.0, 5.0, 5.0, 5.0, 5.0, 5.0, 5.0, 5.0, 5.0, 5.0, 5.0, 5.0, 5.0, 5.0, 5.0, 5.0, 4.0, 4.0, 4.0, 4.0, 4.0, 4.0, 4.0, 3.0, 3.0, 3.0, 3.0, 3.0, 3.0, 3.0, 3.0, 3.0, 3.0, 3.0, 3.0, 3.0, 3.0, 3.0, 3.0, 3.0, 3.0, 3.0, 3.0, 3.0, 3.0, 3.0, 3.0, 3.0, 3.0, 3.0, 3.0, 3.0, 3.0, 3.0];
u11=[287.0, 268.0, 292.0, 283.0, 284.0, 252.0, 246.0, 231.0, 214.0, 198.0, 179.0, 157.0, 143.0, 126.0, 113.0, 105.0, 97.0, 92.0, 84.0, 80.0, 73.0, 69.0, 63.0, 62.0, 59.0, 58.0, 54.0, 49.0, 48.0, 45.0, 43.0, 40.0, 38.0, 36.0, 36.0, 35.0, 34.0, 33.0, 33.0, 29.0, 28.0, 28.0, 27.0, 27.0, 27.0, 27.0, 25.0, 24.0, 24.0, 24.0, 24.0, 22.0, 21.0, 21.0, 20.0, 19.0, 19.0, 18.0, 18.0, 18.0, 18.0, 18.0, 18.0, 18.0, 18.0, 18.0, 18.0, 18.0, 17.0, 16.0, 16.0, 16.0, 15.0, 15.0, 15.0, 15.0, 15.0, 15.0, 15.0, 15.0, 15.0, 15.0, 15.0, 15.0, 15.0, 15.0, 15.0, 14.0, 14.0, 14.0, 14.0, 14.0, 14.0, 14.0, 14.0, 14.0, 14.0, 14.0, 14.0, 14.0, 14.0, 14.0, 14.0, 14.0, 14.0, 14.0, 14.0, 14.0, 14.0, 14.0, 13.0, 13.0, 13.0, 13.0, 13.0, 12.0, 12.0, 12.0, 12.0, 12.0, 12.0, 12.0, 12.0, 11.0, 11.0, 11.0, 11.0, 11.0, 11.0, 11.0, 11.0, 11.0, 11.0, 11.0, 10.0, 10.0, 10.0, 10.0, 10.0, 9.0, 9.0, 9.0, 9.0, 9.0, 9.0, 9.0, 9.0, 8.0, 8.0, 8.0, 8.0, 8.0, 8.0, 8.0, 8.0, 8.0, 8.0, 8.0, 8.0, 8.0, 8.0, 8.0, 8.0, 8.0, 8.0, 8.0, 8.0, 8.0, 8.0, 8.0, 8.0, 8.0, 8.0, 8.0, 8.0, 8.0, 8.0, 8.0, 8.0, 8.0, 8.0, 8.0, 8.0, 7.0, 7.0, 7.0, 7.0, 7.0, 7.0, 7.0, 7.0, 7.0, 7.0, 7.0, 6.0, 6.0, 6.0, 6.0, 6.0, 5.0, 5.0, 5.0, 5.0, 5.0, 5.0, 5.0, 4.0, 4.0, 4.0, 4.0, 4.0, 4.0, 4.0, 4.0, 4.0, 4.0, 4.0, 4.0, 4.0, 4.0, 4.0, 4.0, 4.0, 4.0, 4.0, 4.0, 4.0, 4.0, 4.0, 4.0, 4.0, 4.0, 4.0, 4.0, 4.0, 4.0, 4.0, 4.0, 4.0, 4.0, 4.0, 4.0, 4.0, 4.0, 4.0, 4.0, 4.0, 4.0, 4.0];
u12=[311.0, 288.0, 287.0, 264.0, 254.0, 227.0, 228.0, 224.0, 204.0, 197.0, 180.0, 168.0, 160.0, 135.0, 120.0, 112.0, 101.0, 88.0, 83.0, 80.0, 73.0, 68.0, 62.0, 58.0, 53.0, 51.0, 50.0, 48.0, 45.0, 45.0, 41.0, 39.0, 38.0, 38.0, 36.0, 36.0, 34.0, 34.0, 34.0, 32.0, 31.0, 31.0, 31.0, 31.0, 30.0, 30.0, 29.0, 28.0, 27.0, 26.0, 26.0, 26.0, 25.0, 25.0, 25.0, 25.0, 25.0, 25.0, 25.0, 25.0, 25.0, 23.0, 23.0, 23.0, 23.0, 23.0, 21.0, 21.0, 19.0, 19.0, 19.0, 19.0, 18.0, 18.0, 18.0, 17.0, 17.0, 17.0, 17.0, 17.0, 17.0, 17.0, 17.0, 16.0, 16.0, 16.0, 16.0, 16.0, 16.0, 16.0, 15.0, 15.0, 15.0, 15.0, 14.0, 13.0, 13.0, 11.0, 11.0, 11.0, 11.0, 11.0, 11.0, 11.0, 11.0, 11.0, 11.0, 11.0, 11.0, 11.0, 10.0, 10.0, 10.0, 10.0, 10.0, 10.0, 10.0, 10.0, 10.0, 10.0, 10.0, 10.0, 10.0, 10.0, 10.0, 10.0, 10.0, 10.0, 10.0, 10.0, 9.0, 9.0, 9.0, 9.0, 9.0, 9.0, 9.0, 9.0, 9.0, 9.0, 8.0, 8.0, 8.0, 8.0, 8.0, 8.0, 8.0, 8.0, 8.0, 8.0, 8.0, 8.0, 8.0, 8.0, 8.0, 8.0, 8.0, 8.0, 8.0, 8.0, 8.0, 8.0, 8.0, 8.0, 8.0, 8.0, 8.0, 8.0, 8.0, 8.0, 8.0, 8.0, 8.0, 8.0, 8.0, 8.0, 8.0, 8.0, 8.0, 8.0, 8.0, 8.0, 8.0, 8.0, 8.0, 8.0, 8.0, 8.0, 8.0, 8.0, 8.0, 8.0, 8.0, 7.0, 7.0, 7.0, 7.0, 7.0, 7.0, 7.0, 7.0, 7.0, 7.0, 6.0, 6.0, 6.0, 6.0, 6.0, 6.0, 6.0, 6.0, 5.0, 5.0, 5.0, 5.0, 5.0, 5.0, 5.0, 5.0, 5.0, 5.0, 5.0, 5.0, 5.0, 5.0, 5.0, 5.0, 5.0, 5.0, 5.0, 5.0, 5.0, 5.0, 5.0, 5.0, 5.0, 5.0, 5.0, 5.0, 4.0, 4.0, 4.0, 4.0, 4.0, 4.0, 4.0, 4.0, 4.0, 4.0];
u13=[325.0, 301.0, 291.0, 275.0, 259.0, 249.0, 253.0, 228.0, 222.0, 211.0, 190.0, 174.0, 150.0, 129.0, 119.0, 107.0, 98.0, 86.0, 74.0, 68.0, 66.0, 64.0, 56.0, 52.0, 50.0, 46.0, 45.0, 42.0, 41.0, 39.0, 36.0, 34.0, 33.0, 32.0, 30.0, 29.0, 28.0, 27.0, 27.0, 27.0, 27.0, 26.0, 26.0, 26.0, 25.0, 24.0, 23.0, 22.0, 21.0, 19.0, 18.0, 17.0, 17.0, 17.0, 17.0, 17.0, 17.0, 17.0, 17.0, 17.0, 17.0, 17.0, 16.0, 15.0, 14.0, 14.0, 14.0, 14.0, 14.0, 13.0, 13.0, 13.0, 13.0, 13.0, 13.0, 13.0, 12.0, 12.0, 12.0, 12.0, 12.0, 12.0, 12.0, 12.0, 11.0, 11.0, 10.0, 10.0, 10.0, 10.0, 10.0, 10.0, 10.0, 10.0, 10.0, 10.0, 10.0, 10.0, 10.0, 10.0, 10.0, 10.0, 10.0, 10.0, 10.0, 10.0, 10.0, 10.0, 10.0, 10.0, 10.0, 10.0, 10.0, 10.0, 10.0, 10.0, 9.0, 9.0, 9.0, 9.0, 9.0, 9.0, 9.0, 9.0, 9.0, 9.0, 9.0, 9.0, 9.0, 9.0, 9.0, 9.0, 9.0, 9.0, 9.0, 9.0, 9.0, 9.0, 9.0, 9.0, 9.0, 9.0, 9.0, 9.0, 9.0, 9.0, 9.0, 9.0, 9.0, 9.0, 9.0, 9.0, 9.0, 9.0, 9.0, 8.0, 8.0, 8.0, 8.0, 7.0, 7.0, 7.0, 7.0, 7.0, 7.0, 6.0, 6.0, 6.0, 6.0, 6.0, 6.0, 6.0, 6.0, 6.0, 6.0, 6.0, 6.0, 6.0, 5.0, 5.0, 5.0, 5.0, 5.0, 5.0, 5.0, 5.0, 5.0, 5.0, 5.0, 4.0, 4.0, 4.0, 4.0, 4.0, 4.0, 4.0, 4.0, 4.0, 4.0, 4.0, 4.0, 4.0, 4.0, 4.0, 4.0, 4.0, 4.0, 4.0, 4.0, 4.0, 4.0, 4.0, 4.0, 4.0, 4.0, 4.0, 4.0, 4.0, 4.0, 4.0, 4.0, 4.0, 4.0, 4.0, 4.0, 4.0, 4.0, 4.0, 4.0, 4.0, 4.0, 4.0, 4.0, 4.0, 4.0, 4.0, 4.0, 4.0, 4.0, 4.0, 3.0, 3.0, 3.0, 3.0, 3.0, 3.0, 3.0, 3.0, 3.0];
u14=[320.0, 310.0, 284.0, 266.0, 277.0, 262.0, 250.0, 228.0, 203.0, 184.0, 179.0, 159.0, 134.0, 122.0, 116.0, 102.0, 91.0, 86.0, 76.0, 69.0, 65.0, 62.0, 58.0, 54.0, 50.0, 46.0, 42.0, 42.0, 40.0, 40.0, 38.0, 36.0, 36.0, 31.0, 30.0, 30.0, 28.0, 27.0, 26.0, 26.0, 26.0, 26.0, 26.0, 24.0, 24.0, 24.0, 23.0, 22.0, 22.0, 21.0, 21.0, 21.0, 21.0, 21.0, 21.0, 20.0, 20.0, 20.0, 20.0, 19.0, 19.0, 19.0, 19.0, 19.0, 19.0, 19.0, 19.0, 19.0, 19.0, 19.0, 19.0, 19.0, 19.0, 19.0, 19.0, 19.0, 19.0, 19.0, 19.0, 18.0, 18.0, 18.0, 18.0, 18.0, 18.0, 18.0, 18.0, 18.0, 18.0, 18.0, 17.0, 17.0, 17.0, 17.0, 17.0, 17.0, 16.0, 16.0, 16.0, 15.0, 15.0, 15.0, 15.0, 15.0, 15.0, 14.0, 13.0, 12.0, 12.0, 12.0, 12.0, 12.0, 12.0, 12.0, 11.0, 11.0, 11.0, 11.0, 11.0, 11.0, 11.0, 11.0, 11.0, 11.0, 11.0, 11.0, 11.0, 11.0, 11.0, 11.0, 11.0, 11.0, 11.0, 11.0, 11.0, 11.0, 11.0, 11.0, 11.0, 11.0, 10.0, 10.0, 10.0, 10.0, 10.0, 10.0, 10.0, 10.0, 10.0, 10.0, 10.0, 10.0, 10.0, 10.0, 10.0, 10.0, 10.0, 10.0, 10.0, 10.0, 10.0, 10.0, 10.0, 10.0, 10.0, 10.0, 10.0, 10.0, 10.0, 10.0, 10.0, 10.0, 10.0, 10.0, 10.0, 10.0, 10.0, 10.0, 10.0, 10.0, 10.0, 10.0, 10.0, 10.0, 10.0, 10.0, 10.0, 10.0, 10.0, 10.0, 10.0, 10.0, 10.0, 10.0, 10.0, 10.0, 10.0, 10.0, 10.0, 10.0, 10.0, 10.0, 10.0, 10.0, 10.0, 10.0, 10.0, 10.0, 10.0, 10.0, 10.0, 10.0, 10.0, 10.0, 10.0, 10.0, 10.0, 10.0, 10.0, 10.0, 10.0, 10.0, 10.0, 10.0, 10.0, 10.0, 10.0, 10.0, 10.0, 10.0, 10.0, 10.0, 10.0, 10.0, 10.0, 10.0, 10.0, 10.0, 10.0, 9.0, 9.0, 9.0, 9.0, 9.0, 9.0, 9.0, 9.0, 9.0, 9.0];
u15=[331.0, 298.0, 284.0, 256.0, 254.0, 255.0, 242.0, 226.0, 211.0, 187.0, 181.0, 173.0, 157.0, 135.0, 125.0, 117.0, 109.0, 102.0, 94.0, 83.0, 71.0, 65.0, 59.0, 53.0, 53.0, 52.0, 51.0, 50.0, 48.0, 47.0, 46.0, 44.0, 41.0, 39.0, 39.0, 36.0, 35.0, 32.0, 29.0, 29.0, 29.0, 28.0, 28.0, 27.0, 26.0, 26.0, 25.0, 25.0, 25.0, 25.0, 25.0, 25.0, 24.0, 24.0, 23.0, 23.0, 22.0, 22.0, 22.0, 22.0, 22.0, 22.0, 22.0, 22.0, 22.0, 22.0, 22.0, 21.0, 21.0, 21.0, 21.0, 20.0, 20.0, 19.0, 19.0, 19.0, 18.0, 18.0, 18.0, 18.0, 18.0, 18.0, 18.0, 18.0, 18.0, 18.0, 18.0, 18.0, 18.0, 18.0, 18.0, 18.0, 18.0, 17.0, 17.0, 16.0, 16.0, 16.0, 16.0, 16.0, 16.0, 16.0, 16.0, 16.0, 15.0, 15.0, 15.0, 15.0, 15.0, 15.0, 15.0, 15.0, 14.0, 14.0, 14.0, 14.0, 14.0, 14.0, 13.0, 13.0, 13.0, 13.0, 13.0, 13.0, 13.0, 13.0, 13.0, 13.0, 13.0, 13.0, 13.0, 13.0, 13.0, 13.0, 13.0, 13.0, 13.0, 13.0, 13.0, 13.0, 13.0, 13.0, 13.0, 13.0, 13.0, 13.0, 13.0, 13.0, 13.0, 13.0, 13.0, 12.0, 12.0, 12.0, 12.0, 12.0, 12.0, 12.0, 12.0, 12.0, 12.0, 11.0, 11.0, 11.0, 9.0, 9.0, 9.0, 9.0, 9.0, 9.0, 9.0, 9.0, 9.0, 9.0, 9.0, 9.0, 9.0, 9.0, 9.0, 9.0, 9.0, 9.0, 9.0, 9.0, 9.0, 9.0, 9.0, 9.0, 9.0, 9.0, 9.0, 9.0, 9.0, 9.0, 9.0, 8.0, 8.0, 8.0, 8.0, 8.0, 8.0, 8.0, 8.0, 8.0, 8.0, 8.0, 8.0, 7.0, 7.0, 7.0, 7.0, 7.0, 7.0, 7.0, 7.0, 7.0, 7.0, 7.0, 7.0, 7.0, 7.0, 7.0, 7.0, 7.0, 7.0, 7.0, 7.0, 7.0, 6.0, 6.0, 6.0, 6.0, 6.0, 6.0, 6.0, 6.0, 6.0, 6.0, 6.0, 6.0, 6.0, 6.0, 6.0, 6.0, 6.0, 6.0, 6.0, 6.0, 6.0];
u16=[314.0, 291.0, 283.0, 253.0, 266.0, 239.0, 214.0, 213.0, 211.0, 192.0, 184.0, 168.0, 156.0, 144.0, 136.0, 128.0, 111.0, 103.0, 90.0, 78.0, 72.0, 68.0, 63.0, 60.0, 58.0, 55.0, 54.0, 52.0, 44.0, 42.0, 41.0, 41.0, 40.0, 38.0, 37.0, 36.0, 35.0, 35.0, 35.0, 35.0, 34.0, 32.0, 31.0, 31.0, 29.0, 29.0, 29.0, 29.0, 28.0, 27.0, 27.0, 27.0, 26.0, 26.0, 25.0, 25.0, 25.0, 24.0, 23.0, 23.0, 22.0, 22.0, 21.0, 21.0, 21.0, 20.0, 20.0, 20.0, 20.0, 20.0, 20.0, 20.0, 20.0, 20.0, 20.0, 20.0, 20.0, 18.0, 18.0, 18.0, 18.0, 18.0, 18.0, 18.0, 18.0, 18.0, 18.0, 18.0, 18.0, 18.0, 18.0, 18.0, 18.0, 18.0, 17.0, 17.0, 16.0, 16.0, 16.0, 16.0, 16.0, 16.0, 16.0, 16.0, 16.0, 16.0, 16.0, 16.0, 16.0, 16.0, 16.0, 16.0, 16.0, 16.0, 16.0, 15.0, 15.0, 14.0, 14.0, 14.0, 13.0, 13.0, 13.0, 13.0, 12.0, 12.0, 12.0, 11.0, 11.0, 11.0, 11.0, 11.0, 10.0, 10.0, 10.0, 10.0, 10.0, 10.0, 10.0, 10.0, 10.0, 10.0, 10.0, 10.0, 10.0, 10.0, 10.0, 10.0, 10.0, 10.0, 10.0, 10.0, 10.0, 10.0, 10.0, 10.0, 10.0, 10.0, 10.0, 10.0, 9.0, 9.0, 9.0, 9.0, 9.0, 9.0, 9.0, 9.0, 9.0, 9.0, 9.0, 9.0, 9.0, 9.0, 9.0, 9.0, 9.0, 9.0, 9.0, 9.0, 8.0, 8.0, 8.0, 8.0, 8.0, 8.0, 8.0, 8.0, 8.0, 8.0, 8.0, 8.0, 8.0, 8.0, 8.0, 8.0, 8.0, 8.0, 8.0, 8.0, 8.0, 8.0, 8.0, 8.0, 8.0, 8.0, 8.0, 8.0, 8.0, 8.0, 8.0, 8.0, 8.0, 8.0, 8.0, 8.0, 8.0, 8.0, 8.0, 8.0, 7.0, 7.0, 7.0, 6.0, 6.0, 6.0, 6.0, 6.0, 6.0, 6.0, 6.0, 6.0, 6.0, 6.0, 6.0, 6.0, 6.0, 6.0, 6.0, 6.0, 6.0, 6.0, 6.0, 6.0, 6.0, 6.0, 6.0, 6.0, 6.0];
u17=[295.0, 297.0, 291.0, 249.0, 230.0, 232.0, 221.0, 222.0, 207.0, 195.0, 179.0, 156.0, 144.0, 136.0, 119.0, 101.0, 97.0, 89.0, 81.0, 80.0, 76.0, 68.0, 64.0, 62.0, 59.0, 56.0, 55.0, 51.0, 51.0, 51.0, 51.0, 48.0, 47.0, 45.0, 43.0, 42.0, 41.0, 39.0, 35.0, 33.0, 33.0, 31.0, 31.0, 31.0, 31.0, 31.0, 30.0, 30.0, 30.0, 30.0, 30.0, 30.0, 29.0, 28.0, 27.0, 26.0, 25.0, 24.0, 22.0, 22.0, 20.0, 20.0, 20.0, 20.0, 18.0, 17.0, 17.0, 17.0, 17.0, 17.0, 16.0, 16.0, 16.0, 16.0, 15.0, 15.0, 15.0, 15.0, 15.0, 15.0, 15.0, 15.0, 15.0, 14.0, 14.0, 14.0, 14.0, 14.0, 14.0, 14.0, 13.0, 13.0, 13.0, 13.0, 13.0, 13.0, 13.0, 13.0, 13.0, 13.0, 13.0, 13.0, 13.0, 13.0, 12.0, 12.0, 12.0, 12.0, 12.0, 12.0, 12.0, 12.0, 12.0, 12.0, 12.0, 12.0, 12.0, 11.0, 10.0, 10.0, 10.0, 10.0, 10.0, 10.0, 10.0, 10.0, 10.0, 10.0, 10.0, 10.0, 10.0, 10.0, 10.0, 10.0, 10.0, 8.0, 8.0, 8.0, 8.0, 8.0, 8.0, 8.0, 8.0, 8.0, 8.0, 8.0, 8.0, 8.0, 8.0, 8.0, 8.0, 8.0, 8.0, 8.0, 8.0, 8.0, 8.0, 8.0, 8.0, 8.0, 8.0, 8.0, 8.0, 8.0, 8.0, 8.0, 8.0, 8.0, 8.0, 8.0, 8.0, 8.0, 8.0, 8.0, 8.0, 8.0, 8.0, 8.0, 8.0, 8.0, 8.0, 8.0, 8.0, 8.0, 8.0, 7.0, 7.0, 7.0, 7.0, 6.0, 6.0, 6.0, 6.0, 5.0, 5.0, 5.0, 5.0, 5.0, 5.0, 5.0, 5.0, 5.0, 5.0, 5.0, 5.0, 5.0, 5.0, 5.0, 5.0, 5.0, 5.0, 5.0, 5.0, 5.0, 5.0, 5.0, 5.0, 5.0, 5.0, 5.0, 5.0, 5.0, 5.0, 5.0, 5.0, 5.0, 5.0, 5.0, 5.0, 5.0, 5.0, 5.0, 5.0, 5.0, 5.0, 5.0, 5.0, 5.0, 5.0, 5.0, 5.0, 5.0, 5.0, 5.0, 5.0, 5.0, 5.0, 5.0, 5.0];
u18=[315.0, 289.0, 292.0, 267.0, 247.0, 235.0, 243.0, 203.0, 208.0, 193.0, 173.0, 150.0, 139.0, 114.0, 102.0, 100.0, 91.0, 85.0, 77.0, 70.0, 68.0, 65.0, 60.0, 53.0, 51.0, 50.0, 49.0, 46.0, 46.0, 43.0, 41.0, 36.0, 36.0, 36.0, 36.0, 35.0, 35.0, 32.0, 32.0, 32.0, 31.0, 30.0, 30.0, 29.0, 29.0, 29.0, 29.0, 29.0, 29.0, 27.0, 27.0, 27.0, 26.0, 26.0, 26.0, 26.0, 24.0, 24.0, 24.0, 23.0, 23.0, 23.0, 22.0, 22.0, 22.0, 22.0, 22.0, 21.0, 21.0, 21.0, 20.0, 19.0, 19.0, 16.0, 16.0, 16.0, 16.0, 16.0, 16.0, 16.0, 16.0, 16.0, 15.0, 15.0, 15.0, 15.0, 15.0, 15.0, 15.0, 15.0, 15.0, 15.0, 15.0, 15.0, 15.0, 15.0, 15.0, 15.0, 15.0, 15.0, 15.0, 15.0, 15.0, 15.0, 15.0, 15.0, 15.0, 15.0, 15.0, 15.0, 15.0, 15.0, 15.0, 15.0, 15.0, 15.0, 15.0, 15.0, 15.0, 15.0, 15.0, 15.0, 14.0, 14.0, 14.0, 14.0, 14.0, 14.0, 14.0, 14.0, 14.0, 14.0, 14.0, 14.0, 14.0, 14.0, 14.0, 14.0, 14.0, 14.0, 14.0, 14.0, 14.0, 14.0, 14.0, 14.0, 14.0, 13.0, 13.0, 13.0, 13.0, 13.0, 13.0, 13.0, 13.0, 13.0, 13.0, 13.0, 12.0, 12.0, 12.0, 12.0, 12.0, 12.0, 12.0, 11.0, 11.0, 11.0, 11.0, 11.0, 11.0, 11.0, 11.0, 11.0, 11.0, 11.0, 11.0, 11.0, 11.0, 11.0, 11.0, 11.0, 11.0, 11.0, 11.0, 11.0, 11.0, 11.0, 11.0, 11.0, 11.0, 11.0, 11.0, 11.0, 11.0, 11.0, 11.0, 11.0, 11.0, 10.0, 10.0, 10.0, 10.0, 10.0, 10.0, 10.0, 10.0, 10.0, 10.0, 10.0, 10.0, 10.0, 10.0, 10.0, 10.0, 10.0, 10.0, 10.0, 10.0, 10.0, 10.0, 10.0, 10.0, 10.0, 10.0, 10.0, 10.0, 10.0, 9.0, 9.0, 9.0, 9.0, 9.0, 9.0, 9.0, 9.0, 9.0, 9.0, 9.0, 9.0, 9.0, 9.0, 9.0, 9.0, 9.0, 9.0, 9.0, 9.0, 9.0];
u19=[286.0, 263.0, 264.0, 260.0, 252.0, 237.0, 221.0, 222.0, 211.0, 199.0, 173.0, 160.0, 146.0, 135.0, 118.0, 105.0, 94.0, 82.0, 77.0, 72.0, 67.0, 63.0, 59.0, 56.0, 56.0, 54.0, 51.0, 49.0, 48.0, 45.0, 43.0, 42.0, 41.0, 40.0, 38.0, 38.0, 38.0, 38.0, 38.0, 37.0, 36.0, 34.0, 34.0, 33.0, 32.0, 31.0, 31.0, 28.0, 27.0, 27.0, 27.0, 25.0, 24.0, 24.0, 24.0, 22.0, 22.0, 21.0, 20.0, 20.0, 20.0, 20.0, 20.0, 20.0, 20.0, 20.0, 20.0, 18.0, 18.0, 18.0, 18.0, 18.0, 18.0, 18.0, 18.0, 18.0, 18.0, 18.0, 18.0, 17.0, 17.0, 16.0, 16.0, 15.0, 15.0, 15.0, 15.0, 15.0, 15.0, 14.0, 14.0, 14.0, 14.0, 14.0, 14.0, 14.0, 14.0, 14.0, 14.0, 14.0, 14.0, 14.0, 14.0, 14.0, 14.0, 14.0, 14.0, 14.0, 14.0, 14.0, 14.0, 14.0, 14.0, 14.0, 14.0, 14.0, 14.0, 14.0, 14.0, 14.0, 13.0, 13.0, 13.0, 13.0, 13.0, 13.0, 13.0, 13.0, 13.0, 13.0, 13.0, 13.0, 13.0, 13.0, 13.0, 13.0, 13.0, 13.0, 13.0, 13.0, 13.0, 13.0, 13.0, 13.0, 13.0, 13.0, 13.0, 13.0, 13.0, 13.0, 13.0, 13.0, 13.0, 13.0, 13.0, 13.0, 13.0, 13.0, 13.0, 13.0, 13.0, 12.0, 12.0, 12.0, 12.0, 12.0, 12.0, 12.0, 12.0, 11.0, 11.0, 11.0, 10.0, 10.0, 10.0, 10.0, 10.0, 10.0, 10.0, 10.0, 10.0, 10.0, 10.0, 9.0, 9.0, 9.0, 9.0, 9.0, 9.0, 9.0, 9.0, 9.0, 9.0, 8.0, 8.0, 8.0, 8.0, 8.0, 8.0, 8.0, 8.0, 8.0, 8.0, 8.0, 8.0, 8.0, 8.0, 8.0, 8.0, 8.0, 8.0, 8.0, 8.0, 8.0, 8.0, 8.0, 8.0, 8.0, 8.0, 8.0, 8.0, 7.0, 7.0, 7.0, 7.0, 7.0, 7.0, 7.0, 7.0, 7.0, 7.0, 7.0, 7.0, 7.0, 7.0, 7.0, 7.0, 7.0, 7.0, 7.0, 7.0, 7.0, 7.0, 7.0, 7.0, 7.0, 7.0, 7.0, 7.0];
u=[u0; u1; u2; u3; u4; u5; u6; u7; u8; u9; u10; u11; u12; u13; u14; u15; u16; u17; u18; u19; ];
vect=200*(1:length(u0));
taille = length(u0);
umean=zeros(taille,1);
uintervalleincertitude = zeros(taille,2);
for i = 1:taille;
			umean(i) = mean(u(:,i));
			nombredeVecteurs=length(u(:,1));
			uincertitude(i) = std(u(:,i))/sqrt(nombredeVecteurs);
			uintervalleincertitude(i,1) = umean(i) + uincertitude(i)*1.96;
			uintervalleincertitude(i,2) = umean(i) - uincertitude(i)*1.96;
			end;
plot(vect,uintervalleincertitude,'r--');
hold on;
title('data/le450_25a.col')
xlabel('Nombre d iterations');
ylabel('Energie');
legend({['Recuit Simulé Exponentiel avec k l energie moyenne, k=1.0 up'], ['Recuit Simulé Exponentiel avec k l energie moyenne, k=1.0 down'], ['Recuit Simulé Exponentiel, k=1.0 up'], ['Recuit Simulé Exponentiel, k=1.0 down'], ['Recuit Simulé Exponentiel, k=0.001 up'], ['Recuit Simulé Exponentiel, k=0.001 down']});