%Sortie Graphique : 
%Taille Echantillon : 10
%Echantillonnage : 100
%Température de départ : 7000.0
%Température de fin : 0.0


%---------------------------------------------------------------------
%Benchmark :data/le450_25a.col
clear all;
figure;
title('data/le450_25a.col,  k =[1]'
xlabel('Nombre d iterations');
ylabel('Energie');

%Constante k : 1.0

Facteur : 0.7


%Seed du coloriage : -1867256151
%Recuit Simulé Exponentiel avec k l'energie moyenne
%Nombre d'itération : 10000

u0=[5336.0, 3282.0, 2181.0, 1334.0, 921.0, 679.0, 487.0, 383.0, 290.0, 232.0, 197.0, 177.0, 150.0, 137.0, 130.0, 124.0, 115.0, 110.0, 103.0, 99.0, 96.0, 91.0, 87.0, 84.0, 83.0, 78.0, 75.0, 74.0, 74.0, 72.0, 71.0, 66.0, 64.0, 62.0, 60.0, 59.0, 59.0, 58.0, 57.0, 56.0, 55.0, 55.0, 55.0, 52.0, 49.0, 49.0, 49.0, 48.0, 46.0, 46.0, 45.0, 43.0, 43.0, 43.0, 43.0, 43.0, 42.0, 42.0, 42.0, 42.0, 42.0, 42.0, 39.0, 38.0, 38.0, 38.0, 36.0, 36.0, 35.0, 32.0, 31.0, 30.0, 30.0, 29.0, 28.0, 28.0, 28.0, 28.0, 28.0, 28.0, 28.0, 28.0, 27.0, 27.0, 27.0, 27.0, 27.0, 27.0, 27.0, 27.0, 27.0, 27.0, 26.0, 26.0, 26.0, 26.0, 26.0, 25.0, 25.0];
u1=[5398.0, 3447.0, 2181.0, 1275.0, 921.0, 631.0, 461.0, 365.0, 294.0, 245.0, 200.0, 170.0, 149.0, 140.0, 124.0, 118.0, 110.0, 103.0, 97.0, 94.0, 90.0, 89.0, 84.0, 83.0, 80.0, 80.0, 75.0, 73.0, 72.0, 71.0, 69.0, 67.0, 67.0, 66.0, 63.0, 63.0, 60.0, 58.0, 56.0, 55.0, 54.0, 51.0, 51.0, 49.0, 48.0, 44.0, 43.0, 43.0, 42.0, 41.0, 41.0, 40.0, 38.0, 38.0, 38.0, 38.0, 38.0, 38.0, 37.0, 37.0, 36.0, 36.0, 36.0, 35.0, 35.0, 34.0, 34.0, 33.0, 32.0, 32.0, 32.0, 32.0, 31.0, 31.0, 29.0, 27.0, 27.0, 26.0, 25.0, 24.0, 23.0, 23.0, 23.0, 23.0, 23.0, 23.0, 23.0, 23.0, 23.0, 23.0, 22.0, 22.0, 21.0, 21.0, 21.0, 21.0, 21.0, 21.0, 21.0];
u2=[5459.0, 3745.0, 2372.0, 1651.0, 1135.0, 852.0, 618.0, 484.0, 342.0, 278.0, 219.0, 181.0, 161.0, 137.0, 127.0, 122.0, 116.0, 106.0, 99.0, 98.0, 94.0, 93.0, 89.0, 88.0, 85.0, 84.0, 80.0, 77.0, 74.0, 71.0, 68.0, 64.0, 63.0, 62.0, 60.0, 59.0, 57.0, 57.0, 56.0, 55.0, 54.0, 51.0, 51.0, 49.0, 48.0, 46.0, 45.0, 44.0, 44.0, 44.0, 43.0, 43.0, 43.0, 43.0, 43.0, 42.0, 42.0, 42.0, 42.0, 41.0, 40.0, 39.0, 39.0, 38.0, 38.0, 37.0, 36.0, 36.0, 35.0, 35.0, 35.0, 34.0, 34.0, 34.0, 33.0, 33.0, 32.0, 32.0, 31.0, 31.0, 30.0, 30.0, 30.0, 30.0, 30.0, 30.0, 30.0, 30.0, 30.0, 30.0, 30.0, 30.0, 30.0, 30.0, 30.0, 30.0, 30.0, 28.0, 28.0];
u3=[5146.0, 3384.0, 2210.0, 1535.0, 970.0, 693.0, 541.0, 386.0, 293.0, 234.0, 212.0, 187.0, 165.0, 148.0, 131.0, 124.0, 110.0, 104.0, 99.0, 93.0, 88.0, 84.0, 80.0, 78.0, 72.0, 72.0, 67.0, 66.0, 66.0, 63.0, 63.0, 62.0, 61.0, 61.0, 60.0, 59.0, 56.0, 55.0, 54.0, 52.0, 51.0, 51.0, 48.0, 47.0, 46.0, 46.0, 46.0, 46.0, 45.0, 43.0, 41.0, 41.0, 39.0, 37.0, 37.0, 36.0, 34.0, 34.0, 34.0, 34.0, 33.0, 33.0, 33.0, 33.0, 33.0, 33.0, 33.0, 33.0, 33.0, 33.0, 33.0, 32.0, 31.0, 31.0, 31.0, 31.0, 31.0, 31.0, 30.0, 30.0, 29.0, 29.0, 29.0, 29.0, 29.0, 29.0, 29.0, 28.0, 28.0, 28.0, 28.0, 27.0, 26.0, 26.0, 26.0, 26.0, 26.0, 26.0, 26.0];
u4=[5566.0, 3653.0, 2352.0, 1652.0, 1122.0, 769.0, 493.0, 385.0, 293.0, 230.0, 199.0, 175.0, 161.0, 151.0, 136.0, 127.0, 122.0, 115.0, 109.0, 106.0, 100.0, 100.0, 98.0, 93.0, 88.0, 86.0, 84.0, 80.0, 73.0, 71.0, 71.0, 70.0, 69.0, 69.0, 62.0, 61.0, 59.0, 58.0, 55.0, 53.0, 50.0, 48.0, 48.0, 48.0, 48.0, 48.0, 48.0, 48.0, 45.0, 43.0, 43.0, 43.0, 41.0, 40.0, 40.0, 40.0, 40.0, 39.0, 39.0, 39.0, 38.0, 38.0, 38.0, 37.0, 37.0, 37.0, 36.0, 36.0, 36.0, 36.0, 36.0, 36.0, 35.0, 35.0, 33.0, 33.0, 33.0, 33.0, 33.0, 33.0, 33.0, 33.0, 33.0, 31.0, 30.0, 30.0, 29.0, 29.0, 29.0, 28.0, 28.0, 28.0, 27.0, 27.0, 27.0, 26.0, 26.0, 26.0, 26.0];
u5=[5220.0, 3289.0, 1945.0, 1288.0, 861.0, 649.0, 391.0, 349.0, 269.0, 217.0, 189.0, 168.0, 146.0, 138.0, 127.0, 117.0, 109.0, 105.0, 97.0, 93.0, 90.0, 84.0, 82.0, 80.0, 80.0, 76.0, 74.0, 69.0, 66.0, 65.0, 63.0, 61.0, 58.0, 56.0, 54.0, 54.0, 51.0, 50.0, 48.0, 47.0, 47.0, 46.0, 44.0, 41.0, 40.0, 39.0, 39.0, 39.0, 38.0, 37.0, 37.0, 36.0, 36.0, 36.0, 36.0, 36.0, 36.0, 35.0, 35.0, 34.0, 33.0, 33.0, 32.0, 29.0, 29.0, 29.0, 28.0, 28.0, 27.0, 26.0, 26.0, 26.0, 26.0, 26.0, 26.0, 26.0, 26.0, 26.0, 26.0, 26.0, 26.0, 26.0, 26.0, 26.0, 26.0, 26.0, 26.0, 26.0, 26.0, 26.0, 25.0, 25.0, 25.0, 25.0, 23.0, 23.0, 23.0, 23.0, 23.0];
u6=[5507.0, 3748.0, 2487.0, 1768.0, 1248.0, 783.0, 510.0, 367.0, 310.0, 223.0, 174.0, 150.0, 133.0, 124.0, 116.0, 106.0, 98.0, 94.0, 92.0, 87.0, 84.0, 80.0, 75.0, 72.0, 70.0, 66.0, 64.0, 62.0, 62.0, 61.0, 59.0, 57.0, 56.0, 54.0, 53.0, 51.0, 50.0, 50.0, 49.0, 49.0, 49.0, 48.0, 47.0, 45.0, 45.0, 44.0, 43.0, 43.0, 42.0, 41.0, 41.0, 40.0, 40.0, 39.0, 36.0, 35.0, 35.0, 34.0, 33.0, 33.0, 32.0, 31.0, 31.0, 30.0, 29.0, 29.0, 28.0, 25.0, 25.0, 25.0, 25.0, 25.0, 23.0, 23.0, 22.0, 22.0, 22.0, 22.0, 22.0, 22.0, 22.0, 22.0, 22.0, 21.0, 21.0, 21.0, 21.0, 21.0, 21.0, 21.0, 21.0, 20.0, 20.0, 20.0, 20.0, 20.0, 20.0, 19.0, 18.0];
u7=[5486.0, 3546.0, 2297.0, 1561.0, 1020.0, 722.0, 520.0, 417.0, 320.0, 288.0, 216.0, 183.0, 166.0, 156.0, 145.0, 128.0, 119.0, 114.0, 108.0, 103.0, 98.0, 98.0, 87.0, 84.0, 83.0, 81.0, 80.0, 77.0, 76.0, 75.0, 73.0, 69.0, 63.0, 63.0, 62.0, 61.0, 60.0, 59.0, 58.0, 58.0, 58.0, 58.0, 57.0, 56.0, 55.0, 52.0, 50.0, 48.0, 46.0, 43.0, 43.0, 43.0, 42.0, 41.0, 41.0, 38.0, 38.0, 38.0, 38.0, 38.0, 38.0, 38.0, 38.0, 38.0, 38.0, 36.0, 34.0, 33.0, 31.0, 31.0, 30.0, 30.0, 30.0, 29.0, 28.0, 27.0, 27.0, 27.0, 27.0, 27.0, 26.0, 26.0, 26.0, 26.0, 26.0, 25.0, 25.0, 25.0, 25.0, 25.0, 25.0, 25.0, 25.0, 25.0, 24.0, 24.0, 23.0, 23.0, 22.0];
u8=[5550.0, 3326.0, 2349.0, 1526.0, 1063.0, 736.0, 544.0, 414.0, 351.0, 261.0, 199.0, 175.0, 160.0, 144.0, 137.0, 131.0, 119.0, 110.0, 103.0, 96.0, 91.0, 87.0, 85.0, 79.0, 77.0, 75.0, 72.0, 69.0, 66.0, 63.0, 60.0, 60.0, 59.0, 56.0, 55.0, 54.0, 54.0, 54.0, 54.0, 51.0, 49.0, 48.0, 47.0, 47.0, 47.0, 47.0, 47.0, 46.0, 44.0, 43.0, 43.0, 43.0, 41.0, 41.0, 41.0, 39.0, 37.0, 35.0, 35.0, 35.0, 34.0, 34.0, 34.0, 33.0, 32.0, 32.0, 32.0, 32.0, 31.0, 31.0, 30.0, 30.0, 29.0, 29.0, 29.0, 29.0, 29.0, 28.0, 27.0, 26.0, 25.0, 25.0, 25.0, 24.0, 24.0, 24.0, 23.0, 23.0, 23.0, 23.0, 23.0, 23.0, 23.0, 23.0, 23.0, 23.0, 22.0, 22.0, 22.0];
u9=[5377.0, 3669.0, 2527.0, 1719.0, 1186.0, 855.0, 640.0, 500.0, 306.0, 252.0, 202.0, 182.0, 167.0, 158.0, 145.0, 121.0, 109.0, 102.0, 95.0, 90.0, 85.0, 82.0, 79.0, 76.0, 71.0, 70.0, 68.0, 68.0, 66.0, 65.0, 61.0, 59.0, 59.0, 57.0, 55.0, 55.0, 55.0, 54.0, 53.0, 52.0, 49.0, 48.0, 48.0, 47.0, 47.0, 46.0, 45.0, 44.0, 44.0, 43.0, 42.0, 41.0, 41.0, 40.0, 40.0, 40.0, 39.0, 39.0, 39.0, 39.0, 37.0, 36.0, 34.0, 34.0, 34.0, 34.0, 34.0, 33.0, 33.0, 32.0, 32.0, 32.0, 31.0, 30.0, 29.0, 29.0, 29.0, 28.0, 28.0, 28.0, 28.0, 27.0, 27.0, 26.0, 25.0, 25.0, 25.0, 25.0, 25.0, 25.0, 25.0, 25.0, 25.0, 25.0, 25.0, 24.0, 24.0, 23.0, 23.0];
u=[u0; u1; u2; u3; u4; u5; u6; u7; u8; u9; ];
vect=100*(1:length(u0));
taille = length(u0);
umean=zeros(taille,1);
uintervalleincertitude = zeros(taille,2);
for i = 1:taille;
			umean(i) = mean(u(:,i));
			nombredeVecteurs=length(u(:,1));
			uincertitude(i) = std(u(:,i))/sqrt(nombredeVecteurs);
			uintervalleincertitude(i,1) = umean(i) + uincertitude(i)*1.96;
			uintervalleincertitude(i,2) = umean(i) - uincertitude(i)*1.96;
			end;
plot(vect(taille/2:taille),uintervalleincertitude(taille/2:taille,:));
hold on;


%---------------------------------------------------------------------
%Benchmark :data/le450_25b.col
clear all;
figure;
title('data/le450_25b.col,  k =[1]'
xlabel('Nombre d iterations');
ylabel('Energie');

%Constante k : 1.0

Facteur : 0.7


%Seed du coloriage : 1857114301
%Recuit Simulé Exponentiel avec k l'energie moyenne
%Nombre d'itération : 10000

u0=[5327.0, 3559.0, 2329.0, 1515.0, 945.0, 671.0, 479.0, 367.0, 290.0, 256.0, 213.0, 171.0, 161.0, 144.0, 136.0, 126.0, 114.0, 107.0, 106.0, 99.0, 95.0, 93.0, 88.0, 85.0, 79.0, 77.0, 70.0, 69.0, 66.0, 64.0, 61.0, 61.0, 60.0, 55.0, 52.0, 51.0, 50.0, 50.0, 49.0, 47.0, 45.0, 45.0, 44.0, 41.0, 41.0, 40.0, 39.0, 37.0, 36.0, 35.0, 32.0, 32.0, 32.0, 32.0, 32.0, 32.0, 32.0, 32.0, 32.0, 32.0, 32.0, 32.0, 31.0, 31.0, 31.0, 30.0, 30.0, 30.0, 29.0, 29.0, 29.0, 29.0, 28.0, 27.0, 27.0, 27.0, 27.0, 27.0, 27.0, 27.0, 27.0, 27.0, 26.0, 26.0, 26.0, 26.0, 26.0, 26.0, 26.0, 26.0, 26.0, 26.0, 26.0, 25.0, 25.0, 25.0, 25.0, 25.0, 24.0];
u1=[5250.0, 3590.0, 2273.0, 1570.0, 985.0, 710.0, 538.0, 388.0, 300.0, 260.0, 212.0, 187.0, 160.0, 144.0, 137.0, 129.0, 121.0, 110.0, 102.0, 96.0, 94.0, 89.0, 87.0, 85.0, 83.0, 79.0, 71.0, 67.0, 66.0, 64.0, 63.0, 61.0, 60.0, 59.0, 55.0, 53.0, 52.0, 52.0, 49.0, 48.0, 48.0, 48.0, 47.0, 47.0, 46.0, 46.0, 45.0, 45.0, 44.0, 44.0, 42.0, 42.0, 42.0, 42.0, 40.0, 39.0, 37.0, 37.0, 37.0, 36.0, 36.0, 36.0, 36.0, 34.0, 34.0, 32.0, 32.0, 30.0, 29.0, 29.0, 28.0, 27.0, 27.0, 26.0, 26.0, 26.0, 25.0, 25.0, 25.0, 25.0, 25.0, 25.0, 25.0, 25.0, 25.0, 25.0, 24.0, 23.0, 23.0, 22.0, 22.0, 21.0, 21.0, 21.0, 21.0, 21.0, 21.0, 21.0, 21.0];
u2=[5556.0, 3543.0, 2295.0, 1501.0, 916.0, 690.0, 528.0, 399.0, 302.0, 241.0, 216.0, 181.0, 164.0, 138.0, 128.0, 120.0, 109.0, 101.0, 96.0, 93.0, 89.0, 86.0, 84.0, 82.0, 80.0, 77.0, 76.0, 74.0, 70.0, 68.0, 65.0, 61.0, 58.0, 56.0, 55.0, 53.0, 52.0, 51.0, 50.0, 50.0, 50.0, 50.0, 48.0, 44.0, 43.0, 41.0, 41.0, 40.0, 40.0, 40.0, 38.0, 35.0, 35.0, 34.0, 34.0, 34.0, 34.0, 33.0, 33.0, 33.0, 33.0, 32.0, 32.0, 32.0, 32.0, 32.0, 31.0, 30.0, 30.0, 29.0, 29.0, 28.0, 28.0, 28.0, 27.0, 27.0, 27.0, 27.0, 25.0, 25.0, 23.0, 22.0, 22.0, 22.0, 22.0, 22.0, 21.0, 21.0, 21.0, 21.0, 21.0, 21.0, 20.0, 20.0, 19.0, 19.0, 19.0, 18.0, 18.0];
u3=[5278.0, 3408.0, 2306.0, 1427.0, 928.0, 613.0, 515.0, 414.0, 320.0, 267.0, 224.0, 180.0, 164.0, 141.0, 130.0, 121.0, 111.0, 106.0, 103.0, 100.0, 97.0, 93.0, 86.0, 85.0, 82.0, 80.0, 78.0, 74.0, 70.0, 68.0, 67.0, 62.0, 60.0, 58.0, 55.0, 55.0, 52.0, 51.0, 49.0, 49.0, 48.0, 47.0, 47.0, 46.0, 45.0, 44.0, 44.0, 44.0, 43.0, 43.0, 42.0, 41.0, 41.0, 41.0, 40.0, 39.0, 38.0, 38.0, 37.0, 35.0, 35.0, 35.0, 34.0, 32.0, 31.0, 31.0, 31.0, 30.0, 29.0, 29.0, 29.0, 28.0, 28.0, 28.0, 28.0, 28.0, 28.0, 28.0, 26.0, 25.0, 25.0, 24.0, 24.0, 24.0, 24.0, 24.0, 24.0, 24.0, 24.0, 23.0, 23.0, 22.0, 22.0, 22.0, 22.0, 22.0, 22.0, 22.0, 22.0];
u4=[5372.0, 3263.0, 2192.0, 1451.0, 1037.0, 733.0, 578.0, 468.0, 357.0, 247.0, 206.0, 186.0, 162.0, 150.0, 136.0, 122.0, 114.0, 103.0, 100.0, 96.0, 95.0, 93.0, 91.0, 86.0, 82.0, 80.0, 77.0, 77.0, 76.0, 71.0, 66.0, 63.0, 61.0, 59.0, 57.0, 54.0, 53.0, 51.0, 48.0, 47.0, 44.0, 42.0, 41.0, 41.0, 41.0, 40.0, 40.0, 40.0, 40.0, 40.0, 40.0, 40.0, 39.0, 39.0, 38.0, 38.0, 38.0, 38.0, 38.0, 37.0, 36.0, 35.0, 34.0, 34.0, 34.0, 31.0, 31.0, 31.0, 29.0, 29.0, 29.0, 27.0, 26.0, 26.0, 26.0, 26.0, 26.0, 26.0, 26.0, 25.0, 25.0, 25.0, 24.0, 24.0, 24.0, 24.0, 24.0, 23.0, 23.0, 23.0, 22.0, 21.0, 21.0, 21.0, 20.0, 20.0, 20.0, 18.0, 18.0];
u5=[5418.0, 3473.0, 2304.0, 1561.0, 1069.0, 669.0, 511.0, 369.0, 288.0, 247.0, 206.0, 184.0, 156.0, 139.0, 132.0, 125.0, 116.0, 106.0, 101.0, 95.0, 91.0, 86.0, 84.0, 78.0, 73.0, 73.0, 70.0, 69.0, 67.0, 67.0, 63.0, 61.0, 59.0, 57.0, 57.0, 55.0, 52.0, 49.0, 48.0, 46.0, 46.0, 46.0, 45.0, 44.0, 43.0, 42.0, 42.0, 40.0, 40.0, 40.0, 40.0, 38.0, 38.0, 38.0, 37.0, 37.0, 36.0, 36.0, 33.0, 33.0, 32.0, 31.0, 31.0, 31.0, 29.0, 29.0, 29.0, 29.0, 29.0, 28.0, 27.0, 27.0, 27.0, 27.0, 26.0, 26.0, 26.0, 26.0, 25.0, 25.0, 25.0, 25.0, 25.0, 24.0, 23.0, 23.0, 23.0, 23.0, 23.0, 23.0, 22.0, 22.0, 22.0, 21.0, 21.0, 21.0, 21.0, 21.0, 21.0];
u6=[5457.0, 3510.0, 2298.0, 1603.0, 1153.0, 785.0, 540.0, 406.0, 322.0, 252.0, 206.0, 174.0, 162.0, 147.0, 137.0, 127.0, 117.0, 110.0, 103.0, 96.0, 88.0, 83.0, 80.0, 78.0, 76.0, 75.0, 73.0, 68.0, 63.0, 63.0, 63.0, 60.0, 60.0, 55.0, 54.0, 54.0, 51.0, 50.0, 49.0, 48.0, 48.0, 48.0, 43.0, 42.0, 42.0, 42.0, 41.0, 39.0, 38.0, 37.0, 37.0, 37.0, 37.0, 36.0, 36.0, 36.0, 36.0, 35.0, 34.0, 34.0, 34.0, 34.0, 34.0, 34.0, 34.0, 34.0, 34.0, 33.0, 32.0, 32.0, 32.0, 32.0, 32.0, 32.0, 32.0, 31.0, 31.0, 31.0, 31.0, 31.0, 31.0, 31.0, 31.0, 30.0, 30.0, 30.0, 28.0, 28.0, 28.0, 28.0, 28.0, 28.0, 28.0, 27.0, 27.0, 24.0, 23.0, 23.0, 23.0];
u7=[5091.0, 3208.0, 2187.0, 1403.0, 1001.0, 726.0, 548.0, 425.0, 298.0, 239.0, 200.0, 175.0, 149.0, 135.0, 119.0, 113.0, 112.0, 103.0, 101.0, 97.0, 94.0, 91.0, 88.0, 83.0, 79.0, 76.0, 74.0, 73.0, 71.0, 70.0, 66.0, 62.0, 62.0, 58.0, 55.0, 54.0, 53.0, 53.0, 50.0, 50.0, 49.0, 47.0, 47.0, 46.0, 45.0, 43.0, 41.0, 41.0, 41.0, 39.0, 37.0, 37.0, 36.0, 36.0, 36.0, 35.0, 35.0, 35.0, 34.0, 33.0, 33.0, 33.0, 31.0, 31.0, 31.0, 31.0, 31.0, 31.0, 29.0, 28.0, 28.0, 27.0, 26.0, 25.0, 25.0, 25.0, 25.0, 25.0, 25.0, 25.0, 25.0, 25.0, 25.0, 25.0, 25.0, 25.0, 24.0, 23.0, 23.0, 23.0, 22.0, 22.0, 22.0, 22.0, 22.0, 22.0, 22.0, 22.0, 22.0];
u8=[5487.0, 3568.0, 2427.0, 1628.0, 1086.0, 651.0, 459.0, 341.0, 260.0, 219.0, 197.0, 175.0, 152.0, 134.0, 124.0, 114.0, 110.0, 106.0, 100.0, 97.0, 93.0, 92.0, 89.0, 84.0, 79.0, 76.0, 75.0, 72.0, 70.0, 68.0, 67.0, 66.0, 62.0, 60.0, 57.0, 57.0, 54.0, 53.0, 52.0, 50.0, 49.0, 49.0, 45.0, 43.0, 42.0, 41.0, 40.0, 39.0, 39.0, 38.0, 37.0, 36.0, 34.0, 34.0, 34.0, 34.0, 32.0, 31.0, 31.0, 31.0, 31.0, 30.0, 30.0, 30.0, 28.0, 28.0, 27.0, 27.0, 27.0, 27.0, 27.0, 27.0, 27.0, 27.0, 26.0, 26.0, 26.0, 26.0, 26.0, 26.0, 26.0, 26.0, 26.0, 26.0, 26.0, 26.0, 26.0, 26.0, 25.0, 25.0, 25.0, 23.0, 23.0, 23.0, 23.0, 22.0, 22.0, 22.0, 22.0];
u9=[5323.0, 3570.0, 2353.0, 1540.0, 1033.0, 745.0, 511.0, 433.0, 294.0, 238.0, 177.0, 159.0, 137.0, 130.0, 120.0, 114.0, 107.0, 99.0, 92.0, 90.0, 88.0, 85.0, 82.0, 78.0, 75.0, 72.0, 70.0, 67.0, 65.0, 64.0, 62.0, 59.0, 57.0, 55.0, 55.0, 55.0, 53.0, 50.0, 46.0, 46.0, 46.0, 44.0, 44.0, 43.0, 40.0, 40.0, 39.0, 37.0, 36.0, 36.0, 36.0, 36.0, 36.0, 36.0, 35.0, 34.0, 34.0, 34.0, 33.0, 33.0, 33.0, 33.0, 32.0, 32.0, 32.0, 32.0, 32.0, 31.0, 31.0, 31.0, 31.0, 31.0, 31.0, 31.0, 31.0, 31.0, 30.0, 29.0, 29.0, 28.0, 28.0, 28.0, 28.0, 28.0, 28.0, 27.0, 27.0, 27.0, 27.0, 27.0, 26.0, 26.0, 25.0, 25.0, 24.0, 24.0, 24.0, 24.0, 24.0];
u=[u0; u1; u2; u3; u4; u5; u6; u7; u8; u9; ];
vect=100*(1:length(u0));
taille = length(u0);
umean=zeros(taille,1);
uintervalleincertitude = zeros(taille,2);
for i = 1:taille;
			umean(i) = mean(u(:,i));
			nombredeVecteurs=length(u(:,1));
			uincertitude(i) = std(u(:,i))/sqrt(nombredeVecteurs);
			uintervalleincertitude(i,1) = umean(i) + uincertitude(i)*1.96;
			uintervalleincertitude(i,2) = umean(i) - uincertitude(i)*1.96;
			end;
plot(vect(taille/2:taille),uintervalleincertitude(taille/2:taille,:));
hold on;


%---------------------------------------------------------------------
%Benchmark :data/le450_25c.col
clear all;
figure;
title('data/le450_25c.col,  k =[1]'
xlabel('Nombre d iterations');
ylabel('Energie');

%Constante k : 1.0

Facteur : 0.7


%Seed du coloriage : -120755450
%Recuit Simulé Exponentiel avec k l'energie moyenne
%Nombre d'itération : 10000

u0=[11320.0, 7069.0, 4698.0, 3096.0, 2116.0, 1387.0, 1090.0, 839.0, 719.0, 623.0, 532.0, 472.0, 446.0, 408.0, 394.0, 377.0, 364.0, 355.0, 344.0, 326.0, 322.0, 312.0, 301.0, 297.0, 293.0, 289.0, 281.0, 277.0, 275.0, 270.0, 262.0, 259.0, 257.0, 250.0, 245.0, 241.0, 238.0, 227.0, 222.0, 222.0, 219.0, 217.0, 217.0, 216.0, 210.0, 207.0, 205.0, 203.0, 201.0, 196.0, 195.0, 193.0, 190.0, 190.0, 189.0, 186.0, 186.0, 184.0, 182.0, 181.0, 177.0, 176.0, 174.0, 169.0, 167.0, 165.0, 165.0, 161.0, 160.0, 159.0, 158.0, 157.0, 155.0, 154.0, 152.0, 151.0, 150.0, 149.0, 148.0, 147.0, 146.0, 145.0, 145.0, 144.0, 143.0, 143.0, 143.0, 143.0, 143.0, 141.0, 140.0, 138.0, 136.0, 135.0, 135.0, 135.0, 134.0, 134.0, 133.0];
u1=[11424.0, 7363.0, 4427.0, 3083.0, 2097.0, 1370.0, 1033.0, 766.0, 605.0, 504.0, 453.0, 411.0, 378.0, 364.0, 354.0, 335.0, 324.0, 316.0, 311.0, 300.0, 292.0, 280.0, 278.0, 273.0, 271.0, 265.0, 262.0, 255.0, 247.0, 241.0, 234.0, 233.0, 229.0, 224.0, 220.0, 218.0, 217.0, 216.0, 212.0, 208.0, 206.0, 203.0, 200.0, 197.0, 195.0, 192.0, 188.0, 188.0, 187.0, 185.0, 181.0, 179.0, 178.0, 177.0, 176.0, 175.0, 175.0, 174.0, 172.0, 170.0, 168.0, 166.0, 165.0, 164.0, 162.0, 162.0, 160.0, 160.0, 160.0, 158.0, 157.0, 156.0, 155.0, 153.0, 153.0, 152.0, 152.0, 151.0, 149.0, 149.0, 149.0, 147.0, 146.0, 145.0, 145.0, 145.0, 145.0, 144.0, 144.0, 144.0, 144.0, 143.0, 141.0, 140.0, 140.0, 140.0, 139.0, 139.0, 139.0];
u2=[11302.0, 7224.0, 4807.0, 3272.0, 2091.0, 1318.0, 995.0, 780.0, 599.0, 530.0, 483.0, 441.0, 417.0, 388.0, 369.0, 355.0, 338.0, 326.0, 317.0, 310.0, 298.0, 287.0, 278.0, 271.0, 267.0, 266.0, 261.0, 258.0, 254.0, 251.0, 246.0, 243.0, 241.0, 238.0, 235.0, 233.0, 222.0, 219.0, 216.0, 213.0, 209.0, 201.0, 194.0, 192.0, 190.0, 188.0, 186.0, 182.0, 180.0, 178.0, 177.0, 173.0, 173.0, 172.0, 172.0, 168.0, 167.0, 166.0, 165.0, 162.0, 162.0, 161.0, 161.0, 159.0, 158.0, 155.0, 155.0, 154.0, 153.0, 153.0, 152.0, 152.0, 148.0, 147.0, 145.0, 145.0, 145.0, 144.0, 144.0, 142.0, 142.0, 142.0, 142.0, 142.0, 139.0, 138.0, 138.0, 137.0, 136.0, 135.0, 135.0, 135.0, 135.0, 132.0, 132.0, 131.0, 131.0, 131.0, 130.0];
u3=[11223.0, 7092.0, 4378.0, 2865.0, 1880.0, 1358.0, 1028.0, 769.0, 629.0, 534.0, 491.0, 451.0, 410.0, 393.0, 371.0, 348.0, 328.0, 322.0, 311.0, 305.0, 296.0, 281.0, 271.0, 265.0, 265.0, 258.0, 251.0, 249.0, 248.0, 246.0, 243.0, 236.0, 232.0, 226.0, 222.0, 220.0, 215.0, 213.0, 212.0, 210.0, 208.0, 202.0, 201.0, 197.0, 196.0, 195.0, 192.0, 192.0, 191.0, 189.0, 188.0, 183.0, 183.0, 180.0, 177.0, 177.0, 177.0, 177.0, 176.0, 175.0, 173.0, 171.0, 168.0, 168.0, 168.0, 168.0, 166.0, 165.0, 165.0, 164.0, 164.0, 164.0, 164.0, 163.0, 161.0, 159.0, 159.0, 158.0, 157.0, 157.0, 157.0, 157.0, 152.0, 152.0, 151.0, 151.0, 151.0, 148.0, 148.0, 148.0, 147.0, 146.0, 145.0, 145.0, 145.0, 143.0, 143.0, 143.0, 142.0];
u4=[10955.0, 6886.0, 4563.0, 3218.0, 2249.0, 1496.0, 937.0, 782.0, 651.0, 526.0, 470.0, 440.0, 420.0, 387.0, 371.0, 350.0, 339.0, 324.0, 313.0, 300.0, 289.0, 288.0, 283.0, 271.0, 270.0, 261.0, 256.0, 250.0, 242.0, 240.0, 233.0, 231.0, 228.0, 221.0, 216.0, 212.0, 210.0, 207.0, 204.0, 202.0, 198.0, 197.0, 196.0, 195.0, 194.0, 191.0, 189.0, 189.0, 187.0, 185.0, 181.0, 179.0, 176.0, 173.0, 173.0, 172.0, 170.0, 169.0, 168.0, 168.0, 168.0, 168.0, 166.0, 163.0, 162.0, 162.0, 162.0, 162.0, 161.0, 160.0, 159.0, 159.0, 157.0, 157.0, 157.0, 156.0, 155.0, 153.0, 153.0, 152.0, 150.0, 150.0, 149.0, 149.0, 148.0, 147.0, 145.0, 144.0, 144.0, 143.0, 142.0, 142.0, 142.0, 141.0, 140.0, 138.0, 138.0, 137.0, 136.0];
u5=[11069.0, 7060.0, 4368.0, 2952.0, 2076.0, 1495.0, 1019.0, 805.0, 682.0, 555.0, 491.0, 457.0, 422.0, 387.0, 368.0, 349.0, 334.0, 321.0, 307.0, 299.0, 288.0, 282.0, 275.0, 270.0, 267.0, 263.0, 255.0, 249.0, 242.0, 235.0, 233.0, 230.0, 229.0, 220.0, 219.0, 213.0, 212.0, 209.0, 208.0, 200.0, 198.0, 195.0, 194.0, 192.0, 190.0, 189.0, 188.0, 187.0, 186.0, 183.0, 180.0, 179.0, 179.0, 178.0, 178.0, 176.0, 174.0, 172.0, 172.0, 169.0, 167.0, 166.0, 166.0, 166.0, 165.0, 161.0, 160.0, 160.0, 159.0, 157.0, 157.0, 157.0, 155.0, 154.0, 154.0, 154.0, 154.0, 154.0, 154.0, 154.0, 154.0, 152.0, 151.0, 151.0, 147.0, 147.0, 146.0, 145.0, 145.0, 144.0, 141.0, 140.0, 140.0, 140.0, 138.0, 138.0, 137.0, 137.0, 136.0];
u6=[11229.0, 7105.0, 4679.0, 3008.0, 1858.0, 1237.0, 926.0, 714.0, 590.0, 508.0, 469.0, 429.0, 410.0, 392.0, 374.0, 359.0, 345.0, 332.0, 318.0, 315.0, 309.0, 305.0, 301.0, 297.0, 289.0, 282.0, 278.0, 271.0, 267.0, 262.0, 255.0, 247.0, 244.0, 242.0, 236.0, 234.0, 231.0, 230.0, 227.0, 218.0, 216.0, 215.0, 215.0, 212.0, 210.0, 208.0, 208.0, 204.0, 203.0, 200.0, 197.0, 196.0, 193.0, 188.0, 187.0, 185.0, 181.0, 177.0, 176.0, 174.0, 174.0, 174.0, 173.0, 171.0, 168.0, 167.0, 166.0, 166.0, 166.0, 165.0, 162.0, 160.0, 160.0, 160.0, 160.0, 160.0, 159.0, 159.0, 159.0, 159.0, 159.0, 159.0, 159.0, 159.0, 159.0, 156.0, 156.0, 153.0, 150.0, 150.0, 146.0, 146.0, 145.0, 145.0, 144.0, 143.0, 143.0, 143.0, 142.0];
u7=[10991.0, 6826.0, 4357.0, 2997.0, 2014.0, 1449.0, 1145.0, 804.0, 635.0, 543.0, 479.0, 430.0, 411.0, 390.0, 372.0, 360.0, 340.0, 328.0, 320.0, 313.0, 307.0, 296.0, 282.0, 278.0, 270.0, 262.0, 252.0, 248.0, 248.0, 243.0, 240.0, 238.0, 236.0, 233.0, 228.0, 224.0, 220.0, 215.0, 209.0, 206.0, 202.0, 201.0, 198.0, 195.0, 193.0, 193.0, 192.0, 191.0, 188.0, 185.0, 185.0, 181.0, 179.0, 178.0, 177.0, 173.0, 172.0, 169.0, 169.0, 165.0, 164.0, 163.0, 163.0, 161.0, 160.0, 157.0, 156.0, 155.0, 155.0, 155.0, 154.0, 153.0, 152.0, 151.0, 147.0, 146.0, 146.0, 146.0, 144.0, 143.0, 143.0, 143.0, 143.0, 143.0, 143.0, 143.0, 142.0, 142.0, 141.0, 141.0, 141.0, 138.0, 136.0, 136.0, 136.0, 134.0, 134.0, 132.0, 132.0];
u8=[11474.0, 7037.0, 4434.0, 2740.0, 1712.0, 1203.0, 873.0, 740.0, 626.0, 556.0, 500.0, 450.0, 419.0, 391.0, 369.0, 361.0, 348.0, 331.0, 313.0, 302.0, 290.0, 287.0, 274.0, 268.0, 264.0, 261.0, 252.0, 247.0, 242.0, 237.0, 235.0, 230.0, 226.0, 222.0, 217.0, 215.0, 210.0, 203.0, 199.0, 194.0, 192.0, 192.0, 190.0, 187.0, 185.0, 185.0, 185.0, 185.0, 182.0, 178.0, 177.0, 175.0, 173.0, 171.0, 171.0, 171.0, 170.0, 169.0, 163.0, 163.0, 162.0, 160.0, 158.0, 157.0, 156.0, 155.0, 155.0, 154.0, 153.0, 153.0, 151.0, 151.0, 151.0, 151.0, 151.0, 150.0, 150.0, 149.0, 148.0, 147.0, 146.0, 146.0, 146.0, 144.0, 143.0, 142.0, 140.0, 139.0, 138.0, 136.0, 134.0, 133.0, 133.0, 133.0, 132.0, 132.0, 131.0, 129.0, 128.0];
u9=[11190.0, 7196.0, 4811.0, 3162.0, 2188.0, 1546.0, 1044.0, 815.0, 666.0, 538.0, 469.0, 432.0, 414.0, 395.0, 383.0, 363.0, 348.0, 334.0, 320.0, 311.0, 304.0, 299.0, 290.0, 285.0, 275.0, 273.0, 266.0, 261.0, 252.0, 245.0, 241.0, 236.0, 232.0, 231.0, 231.0, 229.0, 227.0, 225.0, 224.0, 218.0, 218.0, 218.0, 217.0, 214.0, 211.0, 208.0, 205.0, 204.0, 204.0, 202.0, 199.0, 197.0, 196.0, 195.0, 193.0, 189.0, 187.0, 186.0, 185.0, 184.0, 181.0, 181.0, 181.0, 180.0, 180.0, 178.0, 175.0, 172.0, 169.0, 169.0, 167.0, 164.0, 164.0, 161.0, 161.0, 161.0, 158.0, 158.0, 158.0, 157.0, 156.0, 154.0, 153.0, 151.0, 149.0, 149.0, 149.0, 146.0, 146.0, 145.0, 144.0, 143.0, 143.0, 143.0, 143.0, 142.0, 142.0, 141.0, 138.0];
u=[u0; u1; u2; u3; u4; u5; u6; u7; u8; u9; ];
vect=100*(1:length(u0));
taille = length(u0);
umean=zeros(taille,1);
uintervalleincertitude = zeros(taille,2);
for i = 1:taille;
			umean(i) = mean(u(:,i));
			nombredeVecteurs=length(u(:,1));
			uincertitude(i) = std(u(:,i))/sqrt(nombredeVecteurs);
			uintervalleincertitude(i,1) = umean(i) + uincertitude(i)*1.96;
			uintervalleincertitude(i,2) = umean(i) - uincertitude(i)*1.96;
			end;
plot(vect(taille/2:taille),uintervalleincertitude(taille/2:taille,:));
hold on;


%---------------------------------------------------------------------
%Benchmark :data/le450_25d.col
clear all;
figure;
title('data/le450_25d.col,  k =[1]'
xlabel('Nombre d iterations');
ylabel('Energie');

%Constante k : 1.0

Facteur : 0.7


%Seed du coloriage : -491351435
%Recuit Simulé Exponentiel avec k l'energie moyenne
%Nombre d'itération : 10000

u0=[11178.0, 7043.0, 4641.0, 2965.0, 2033.0, 1521.0, 1072.0, 773.0, 634.0, 561.0, 474.0, 439.0, 414.0, 394.0, 377.0, 359.0, 342.0, 334.0, 313.0, 306.0, 296.0, 296.0, 286.0, 283.0, 277.0, 270.0, 262.0, 256.0, 251.0, 247.0, 241.0, 239.0, 233.0, 228.0, 223.0, 221.0, 218.0, 213.0, 211.0, 210.0, 209.0, 209.0, 205.0, 204.0, 198.0, 196.0, 192.0, 189.0, 189.0, 189.0, 189.0, 189.0, 186.0, 185.0, 184.0, 183.0, 182.0, 180.0, 177.0, 177.0, 177.0, 176.0, 175.0, 175.0, 174.0, 172.0, 169.0, 167.0, 167.0, 163.0, 163.0, 161.0, 160.0, 160.0, 160.0, 160.0, 159.0, 157.0, 157.0, 156.0, 154.0, 152.0, 151.0, 151.0, 151.0, 151.0, 150.0, 150.0, 148.0, 148.0, 147.0, 146.0, 145.0, 145.0, 145.0, 141.0, 141.0, 141.0, 141.0];
u1=[11258.0, 7225.0, 4648.0, 3207.0, 2259.0, 1479.0, 1135.0, 834.0, 666.0, 566.0, 498.0, 460.0, 425.0, 407.0, 383.0, 358.0, 342.0, 334.0, 321.0, 314.0, 304.0, 289.0, 279.0, 275.0, 266.0, 259.0, 255.0, 254.0, 249.0, 245.0, 238.0, 233.0, 227.0, 223.0, 218.0, 216.0, 211.0, 210.0, 208.0, 203.0, 202.0, 198.0, 197.0, 194.0, 193.0, 191.0, 189.0, 186.0, 185.0, 184.0, 182.0, 178.0, 177.0, 176.0, 176.0, 175.0, 173.0, 172.0, 171.0, 171.0, 169.0, 168.0, 167.0, 163.0, 162.0, 162.0, 160.0, 159.0, 158.0, 155.0, 155.0, 154.0, 154.0, 153.0, 152.0, 152.0, 151.0, 151.0, 151.0, 148.0, 144.0, 144.0, 143.0, 143.0, 142.0, 142.0, 139.0, 139.0, 138.0, 137.0, 135.0, 135.0, 135.0, 134.0, 133.0, 132.0, 132.0, 131.0, 131.0];
u2=[11428.0, 7265.0, 4867.0, 3194.0, 2217.0, 1554.0, 930.0, 757.0, 632.0, 536.0, 478.0, 426.0, 408.0, 392.0, 382.0, 361.0, 345.0, 340.0, 324.0, 313.0, 304.0, 296.0, 279.0, 275.0, 269.0, 265.0, 258.0, 251.0, 249.0, 244.0, 239.0, 234.0, 230.0, 225.0, 223.0, 221.0, 218.0, 216.0, 212.0, 210.0, 207.0, 207.0, 201.0, 198.0, 192.0, 191.0, 190.0, 190.0, 189.0, 186.0, 186.0, 184.0, 184.0, 181.0, 180.0, 178.0, 176.0, 176.0, 175.0, 173.0, 173.0, 173.0, 172.0, 172.0, 172.0, 171.0, 171.0, 171.0, 170.0, 170.0, 169.0, 168.0, 166.0, 166.0, 164.0, 162.0, 161.0, 160.0, 160.0, 156.0, 155.0, 155.0, 154.0, 154.0, 152.0, 150.0, 150.0, 150.0, 149.0, 147.0, 145.0, 144.0, 143.0, 143.0, 142.0, 140.0, 139.0, 138.0, 138.0];
u3=[11222.0, 7087.0, 4749.0, 3045.0, 2177.0, 1575.0, 1124.0, 887.0, 784.0, 622.0, 553.0, 497.0, 459.0, 414.0, 388.0, 374.0, 359.0, 342.0, 329.0, 320.0, 309.0, 300.0, 291.0, 287.0, 283.0, 276.0, 270.0, 260.0, 255.0, 250.0, 249.0, 247.0, 245.0, 241.0, 239.0, 238.0, 234.0, 234.0, 229.0, 225.0, 222.0, 221.0, 215.0, 214.0, 211.0, 209.0, 208.0, 205.0, 201.0, 200.0, 199.0, 195.0, 194.0, 192.0, 187.0, 185.0, 181.0, 181.0, 181.0, 180.0, 180.0, 180.0, 179.0, 174.0, 170.0, 168.0, 167.0, 167.0, 166.0, 165.0, 163.0, 161.0, 161.0, 161.0, 160.0, 160.0, 160.0, 160.0, 160.0, 160.0, 159.0, 156.0, 154.0, 153.0, 150.0, 148.0, 147.0, 147.0, 146.0, 146.0, 145.0, 145.0, 145.0, 144.0, 143.0, 143.0, 140.0, 140.0, 140.0];
u4=[11076.0, 7206.0, 4744.0, 3076.0, 2074.0, 1566.0, 1113.0, 820.0, 654.0, 563.0, 507.0, 435.0, 401.0, 375.0, 364.0, 354.0, 348.0, 341.0, 333.0, 325.0, 316.0, 310.0, 302.0, 291.0, 287.0, 280.0, 272.0, 270.0, 267.0, 259.0, 253.0, 243.0, 241.0, 234.0, 234.0, 233.0, 232.0, 227.0, 223.0, 220.0, 216.0, 214.0, 210.0, 209.0, 207.0, 201.0, 201.0, 200.0, 197.0, 194.0, 191.0, 191.0, 190.0, 187.0, 184.0, 183.0, 181.0, 181.0, 178.0, 178.0, 177.0, 176.0, 175.0, 172.0, 170.0, 169.0, 169.0, 168.0, 168.0, 164.0, 163.0, 163.0, 163.0, 161.0, 160.0, 159.0, 159.0, 156.0, 154.0, 152.0, 151.0, 150.0, 150.0, 150.0, 149.0, 149.0, 149.0, 146.0, 146.0, 144.0, 144.0, 143.0, 141.0, 139.0, 139.0, 137.0, 133.0, 132.0, 130.0];
u5=[10945.0, 7184.0, 4722.0, 3163.0, 2097.0, 1419.0, 1012.0, 717.0, 585.0, 489.0, 452.0, 418.0, 391.0, 373.0, 358.0, 340.0, 329.0, 313.0, 299.0, 292.0, 284.0, 277.0, 267.0, 262.0, 256.0, 253.0, 251.0, 246.0, 243.0, 238.0, 234.0, 229.0, 228.0, 222.0, 218.0, 217.0, 214.0, 211.0, 205.0, 204.0, 201.0, 198.0, 195.0, 192.0, 188.0, 184.0, 182.0, 180.0, 180.0, 179.0, 177.0, 175.0, 173.0, 173.0, 171.0, 171.0, 170.0, 170.0, 168.0, 166.0, 166.0, 165.0, 162.0, 161.0, 161.0, 160.0, 157.0, 155.0, 153.0, 152.0, 152.0, 150.0, 149.0, 149.0, 147.0, 147.0, 147.0, 146.0, 145.0, 143.0, 143.0, 143.0, 143.0, 143.0, 142.0, 142.0, 141.0, 141.0, 141.0, 141.0, 141.0, 141.0, 140.0, 139.0, 139.0, 139.0, 139.0, 138.0, 138.0];
u6=[11391.0, 7534.0, 5176.0, 3644.0, 1919.0, 1376.0, 999.0, 786.0, 649.0, 576.0, 502.0, 455.0, 424.0, 402.0, 386.0, 362.0, 345.0, 332.0, 323.0, 306.0, 296.0, 291.0, 288.0, 277.0, 267.0, 263.0, 261.0, 254.0, 247.0, 238.0, 234.0, 232.0, 228.0, 221.0, 220.0, 216.0, 213.0, 212.0, 208.0, 204.0, 199.0, 198.0, 196.0, 196.0, 194.0, 193.0, 190.0, 186.0, 185.0, 183.0, 182.0, 181.0, 177.0, 175.0, 174.0, 173.0, 173.0, 169.0, 165.0, 163.0, 163.0, 162.0, 160.0, 158.0, 157.0, 156.0, 156.0, 156.0, 155.0, 152.0, 152.0, 152.0, 152.0, 152.0, 152.0, 152.0, 152.0, 150.0, 149.0, 144.0, 143.0, 143.0, 142.0, 142.0, 141.0, 140.0, 140.0, 139.0, 138.0, 138.0, 138.0, 138.0, 137.0, 135.0, 134.0, 134.0, 132.0, 132.0, 132.0];
u7=[11269.0, 7046.0, 4302.0, 2680.0, 1730.0, 1301.0, 1004.0, 830.0, 674.0, 558.0, 490.0, 449.0, 429.0, 405.0, 387.0, 365.0, 348.0, 335.0, 323.0, 312.0, 305.0, 295.0, 292.0, 282.0, 279.0, 274.0, 265.0, 260.0, 249.0, 244.0, 238.0, 235.0, 232.0, 231.0, 226.0, 224.0, 222.0, 216.0, 214.0, 209.0, 208.0, 206.0, 205.0, 202.0, 200.0, 196.0, 193.0, 192.0, 188.0, 184.0, 183.0, 183.0, 181.0, 178.0, 174.0, 174.0, 170.0, 170.0, 170.0, 170.0, 170.0, 169.0, 168.0, 165.0, 165.0, 165.0, 163.0, 163.0, 163.0, 162.0, 158.0, 157.0, 156.0, 156.0, 156.0, 156.0, 156.0, 156.0, 156.0, 155.0, 154.0, 154.0, 154.0, 153.0, 153.0, 151.0, 151.0, 151.0, 151.0, 150.0, 150.0, 150.0, 149.0, 148.0, 145.0, 143.0, 142.0, 141.0, 141.0];
u8=[11265.0, 7178.0, 5138.0, 3132.0, 2198.0, 1523.0, 1129.0, 852.0, 644.0, 508.0, 439.0, 419.0, 392.0, 379.0, 364.0, 352.0, 344.0, 330.0, 318.0, 302.0, 290.0, 282.0, 275.0, 267.0, 264.0, 261.0, 257.0, 245.0, 236.0, 232.0, 229.0, 228.0, 227.0, 227.0, 224.0, 220.0, 219.0, 215.0, 214.0, 212.0, 209.0, 207.0, 205.0, 203.0, 200.0, 195.0, 194.0, 190.0, 187.0, 184.0, 183.0, 180.0, 176.0, 175.0, 175.0, 175.0, 172.0, 172.0, 169.0, 169.0, 168.0, 166.0, 165.0, 165.0, 163.0, 163.0, 163.0, 161.0, 158.0, 157.0, 157.0, 156.0, 156.0, 154.0, 154.0, 152.0, 151.0, 151.0, 151.0, 148.0, 148.0, 147.0, 146.0, 145.0, 145.0, 144.0, 142.0, 142.0, 141.0, 140.0, 139.0, 138.0, 138.0, 138.0, 138.0, 138.0, 137.0, 137.0, 136.0];
u9=[11266.0, 7278.0, 4755.0, 3236.0, 2314.0, 1615.0, 1209.0, 869.0, 674.0, 600.0, 547.0, 486.0, 437.0, 410.0, 390.0, 369.0, 344.0, 328.0, 313.0, 298.0, 281.0, 267.0, 262.0, 261.0, 259.0, 251.0, 249.0, 242.0, 237.0, 229.0, 226.0, 224.0, 220.0, 215.0, 211.0, 207.0, 203.0, 201.0, 200.0, 196.0, 195.0, 190.0, 190.0, 185.0, 180.0, 179.0, 177.0, 173.0, 171.0, 171.0, 170.0, 169.0, 167.0, 166.0, 164.0, 162.0, 162.0, 162.0, 162.0, 160.0, 159.0, 157.0, 156.0, 155.0, 154.0, 151.0, 148.0, 148.0, 146.0, 146.0, 145.0, 142.0, 141.0, 141.0, 140.0, 140.0, 139.0, 138.0, 138.0, 138.0, 138.0, 138.0, 137.0, 135.0, 135.0, 135.0, 135.0, 135.0, 135.0, 135.0, 135.0, 135.0, 134.0, 132.0, 129.0, 129.0, 129.0, 128.0, 127.0];
u=[u0; u1; u2; u3; u4; u5; u6; u7; u8; u9; ];
vect=100*(1:length(u0));
taille = length(u0);
umean=zeros(taille,1);
uintervalleincertitude = zeros(taille,2);
for i = 1:taille;
			umean(i) = mean(u(:,i));
			nombredeVecteurs=length(u(:,1));
			uincertitude(i) = std(u(:,i))/sqrt(nombredeVecteurs);
			uintervalleincertitude(i,1) = umean(i) + uincertitude(i)*1.96;
			uintervalleincertitude(i,2) = umean(i) - uincertitude(i)*1.96;
			end;
plot(vect(taille/2:taille),uintervalleincertitude(taille/2:taille,:));
hold on;
