%Sortie Graphique : 
%Taille Echantillon : 10
%Echantillonnage : 1000
%Température de départ : 0.35
%Température de fin : 1.0E-4


%---------------------------------------------------------------------
%Benchmark :data/dsjc250.5.col
clear all;
figure;

			%Constante k : 1.0


%Seed du coloriage : -1024314656
%Recuit Simulé Linéaire
%Nombre d'itération : 300000

u0=[1.0472234692057721E-5, 0.05634212515303741, 9.694244219019579E-6, 0.003053449235176534, 0.002994105149404961, 1.5904797268202742E-4, 8.281146795264974E-6, 4.225369958537108E-7, 7.641410974644746E-6, 0.0027087396931834103, 1.869219248901658E-8, 1.3256133190689932E-4, 1.2850207820179325E-4, 6.219355177173458E-6, 2.946823444846108E-7, 5.716005784754504E-6, 5.4773702213387045E-6, 2.511309715733117E-7, 5.0249949951382696E-6, 4.810795665979382E-6, 4.604289389220286E-6, 0.045813431098819885, 0.0020526774283893406, 8.99246267086063E-5, 8.69300763182449E-5, 8.40144811799454E-5, 8.117638952096415E-5, 3.356300302215364E-6, 1.3554524331668941E-7, 7.311279368985983E-5, 2.916287826280602E-6, 6.809849740291273E-5, 0.0016281367345454614, 0.0015893219726278403, 3.732170854902615E-9, 8.913321629636126E-8, 3.2202594021386147E-9, 5.4669413535092584E-5, 5.2652536356604926E-5, 0.0013697640420274818, 0.001335346578693561, 1.693999123974827E-6, 5.72903333953377E-8, 1.5270092254451703E-6, 4.1761938292988305E-5, 4.013704950119504E-5, 3.856328662294705E-5, 0.033334064522344775, 0.0010814607149783463, 3.592337615474607E-8, 3.2756207385446465E-5, 3.142073704772393E-5, 2.9173464121055274E-8, 2.8881591817174362E-5, 2.7675758386634408E-5, 2.3570942778866036E-8, 8.637726563425991E-4, 2.038736379617433E-8, 6.636954575917382E-7, 6.255128582963345E-7, 7.676163028386943E-4, 5.547822363639295E-7, 5.220787123312222E-7, 1.8550021506833566E-5, 1.7709938630458056E-5, 1.6901207328422354E-5, 4.073105236680993E-7, 0.024865551475876626, 3.586087144268507E-7, 8.095801801990168E-9, 5.612743465674028E-4, 1.2658545984778064E-5, 5.254657074135611E-4, 0.022543404723448613, 2.414401721010541E-7, 4.7494126319452725E-4, 4.5892600811043736E-4, 4.4331383057544347E-4, 7.84900429985239E-11, 3.4721364504270573E-9, 7.965090108699449E-6, 7.547634396903526E-6, 1.3770641091259333E-7, 0.018914752607977776, 2.2077246083594895E-9, 1.1035951768149358E-7, 3.1994846852874284E-4, 1.6653406063821843E-9, 2.96460125320348E-4, 0.0168883216509274, 2.742957281162978E-4, 6.953513552801546E-8, 1.022232944928011E-9, 5.9257053789501595E-8, 3.5737560235062862E-6, 7.54037449202759E-10, 6.799436727500911E-10, 4.2627191057798464E-8, 1.979324782663053E-4, 4.954718171835312E-10, 4.449184289671251E-10, 6.942212507508117E-14, 2.1479700874761833E-6, 1.5925085286928552E-4, 1.8789738429314158E-6, 2.1178272608232347E-8, 1.6395675818915576E-6, 1.7619256383387596E-8, 1.4257935649161984E-6, 1.3283190632641109E-6, 0.010733489986742612, 1.097847194748145E-4, 1.0692199192812685E-6, 9.907712343011562E-9, 0.00973155195395505, 8.109864918714484E-9, 8.558755944770949E-5, 5.959083011627064E-11, 6.779993482573588E-7, 4.5880105428113934E-11, 4.0169439350151144E-11, 4.3292737428360756E-9, 1.91018555828855E-15, 3.4787289072377105E-9, 3.112501116480479E-9, 3.829857054346524E-7, 3.5164909802968164E-7, 4.893447009522056E-18, 1.9688727548788334E-9, 2.705669429569158E-7, 2.4741849512472234E-7, 0.006091288049293968, 1.2184365483923074E-9, 1.8797409070970775E-7, 3.082507064462284E-5, 2.8934219452213974E-5, 7.364862105715082E-10, 6.468728353821434E-10, 2.3816986850805257E-5, 1.0519903407732942E-7, 4.340418258329187E-10, 1.946049107262154E-5, 1.816204647126892E-5, 1.1802629289794968E-12, 3.927169102589343E-15, 3.1665526713574585E-15, 5.0458715744733086E-8, 4.51810436075977E-8, 4.0396262752575774E-8, 1.09157150963715E-5, 1.0110431252409395E-5, 2.676665889091392E-13, 2.1984543341942154E-13, 2.2557050099720243E-8, 0.0027134750218752346, 6.783087083075328E-6, 0.0024983460502141816, 3.2911603809265077E-11, 6.365191587643295E-14, 1.1259855505624796E-16, 0.0021028633993045486, 3.2923537603188116E-14, 0.0019219958959594712, 0.001835661633118851, 3.069549100362174E-6, 3.637967380180013E-20, 1.631851278129413E-17, 8.028887788024517E-15, 2.083776258643685E-6, 4.874688381224163E-15, 2.219446292677185E-9, 2.9138736749654904E-15, 1.9057940187271877E-12, 1.908472516974735E-18, 1.237900413042995E-12, 9.924881513129262E-13, 7.928767977385089E-13, 6.310859738800082E-13, 3.539984084055443E-19, 3.95277273154123E-13, 5.576665370925609E-7, 4.93646701349202E-7, 4.360670635287926E-7, 2.3831068688163647E-10, 1.1429795491047726E-13, 4.794543346553628E-17, 1.323924278941792E-10, 1.1680620765798833E-20, 1.977018414446935E-7, 2.952742992899995E-14, 8.565368405225536E-18, 3.5889570000660365E-4, 3.701625045494642E-11, 9.121804472288176E-15, 1.9190903551691904E-18, 1.852373411995346E-11, 1.457532982918534E-11, 1.1414807264163602E-11, 7.914749280657029E-23, 2.5003975012060334E-19, 9.294332331397692E-16, 1.0458814743137433E-19, 4.555732984220623E-16, 2.366849433080446E-12, 1.4720951603828805E-8, 1.339793828170064E-12, 9.992163606076985E-9, 6.052721633919371E-21, 4.446177282831232E-17, 5.410474203565283E-9, 5.514917932431237E-30, 2.0811615132953834E-13, 2.808375216970975E-9, 2.3593588394258757E-22, 7.433059391240842E-14, 1.935122502544863E-18, 3.9074589552445293E-23, 8.463775011081953E-10, 1.0944423851025407E-23, 5.023380019202851E-10, 7.501050701025633E-15, 8.426431191103969E-20, 4.76650761730745E-20, 1.6297698784827627E-10, 1.6011271143150705E-25, 8.869421739631614E-11, 5.194397392790364E-16, 4.666618367087687E-11, 3.339417945216189E-11, 4.865147471402893E-6, 1.1245138212355904E-27, 5.214543892146586E-39, 2.2311381684736287E-17, 1.24898935405018E-17, 6.868285937016335E-18, 2.395274390864959E-12, 1.5672969278461522E-12];
u1=[1.0472234692057721E-5, 5.678713147215131E-7, 0.003113558128415074, 0.05525802417003827, 0.002994105149404961, 4.668889149234399E-7, 4.442353392229839E-7, 4.225369958537108E-7, 0.002764310216789126, 3.818723198949895E-7, 7.043256365527619E-6, 6.7591042567190196E-6, 3.272278450035948E-7, 6.219355177173458E-6, 5.9632537937882986E-6, 5.716005784754504E-6, 0.002340378221856182, 5.247110636331758E-6, 0.0022416500608119613, 0.002193352608674534, 4.604289389220286E-6, 2.0186470577920538E-7, 0.0020526774283893406, 8.99246267086063E-5, 8.69300763182449E-5, 0.001918239221229854, 0.001874792270026876, 0.0018320208247220783, 0.0017899203786195018, 5.345480601136009E-9, 7.057043406526486E-5, 6.809849740291273E-5, 6.569560442274716E-5, 0.0015893219726278403, 9.476208278721591E-8, 2.291034675213759E-6, 5.674732947142636E-5, 7.874821017288431E-8, 0.001404794714211261, 6.944075005417715E-8, 2.3811238997457724E-9, 6.111410791888467E-8, 1.60866302487781E-6, 0.0012357221473475216, 4.1761938292988305E-5, 0.03423853296870856, 0.0011414302033167355, 4.115677708492004E-8, 1.1695572780414758E-6, 3.592337615474607E-8, 0.00102375430579184, 9.914903484476644E-7, 3.0129560783939107E-5, 9.413419590571177E-4, 0.030248221423697833, 7.028333230551606E-10, 5.566699878035845E-13, 2.038736379617433E-8, 2.3252873767524548E-5, 7.90893708595747E-4, 7.676163028386943E-4, 1.5140952033923363E-8, 5.220787123312222E-7, 4.910501973978874E-7, 1.7709938630458056E-5, 4.3373417143774657E-7, 1.0289802494194519E-8, 2.363679418025512E-10, 5.988394730032839E-4, 8.095801801990168E-9, 3.150288921146649E-7, 1.2658545984778064E-5, 6.3293767389567196E-9, 1.1456673173486963E-5, 1.0891987869755844E-5, 2.2556920348481323E-7, 4.5892600811043736E-4, 4.137882952964529E-9, 8.85759602734679E-6, 1.707958945376112E-7, 1.5906974727890838E-7, 1.4805206641456184E-7, 9.843958604104125E-13, 2.421047593341734E-9, 3.4480849696305165E-4, 2.011463897956065E-9, 5.722951343595861E-6, 2.92283087298193E-11, 5.104455614540511E-6, 2.8525973562163273E-4, 7.523814646284997E-8, 6.953513552801546E-8, 0.015918787108252116, 9.245386441720721E-10, 3.5737560235062862E-6, 5.034012996889559E-8, 6.799436727500911E-10, 4.2627191057798464E-8, 5.511789916944446E-10, 2.6122297662379793E-6, 2.4488841313434144E-6, 6.942212507508117E-14, 5.952954108583319E-14, 2.009660286269042E-6, 1.8789738429314158E-6, 3.7179918631479003E-14, 3.167783112530071E-14, 1.7619256383387596E-8, 2.0328872897564416E-12, 1.6051070750732416E-10, 1.529134661858906E-12, 1.2052684630163714E-8, 1.0456299814045064E-4, 9.930704101633972E-7, 8.493616213228977E-13, 8.109864918714484E-9, 7.918008502942098E-7, 5.959083011627064E-11, 4.596831162374032E-13, 3.9259909001565026E-13, 4.0169439350151144E-11, 2.8485416318243266E-13, 2.4197976416550823E-13, 5.898075031090831E-5, 2.3261077288339943E-11, 3.829857054346524E-7, 1.7519263564918885E-11, 3.2255634080257267E-7, 4.437198164246029E-5, 7.320647062105094E-14, 1.553255433150006E-9, 2.2600987321642265E-7, 1.2184365483923074E-9, 6.1682692268705776E-12, 1.6261637738594243E-16, 2.4223411849298762E-14, 2.7138279432777386E-5, 1.6452366322963796E-14, 2.7683247928056205E-12, 4.966102391245157E-10, 9.509303011075942E-8, 3.7871071278758257E-10, 3.2985993202453193E-10, 2.8680255319696815E-10, 9.887041002192994E-13, 8.26333951508963E-13, 0.0036952633751076614, 5.731396185524932E-13, 1.1773189259714614E-5, 1.09157150963715E-5, 1.0110431252409395E-5, 2.676665889091392E-13, 2.5425556623006937E-8, 7.983405754767879E-6, 1.4710557800964204E-13, 6.783087083075328E-6, 1.5594008953615635E-8, 4.522315223016855E-19, 1.460742873362204E-16, 0.0021974658583019018, 4.422034476134682E-6, 2.675380164872042E-22, 2.6227825160630713E-14, 6.185543887885425E-9, 5.377889532187161E-9, 1.3028641777456002E-14, 6.433594986276096E-12, 8.028887788024517E-15, 2.083776258643685E-6, 1.884424505648572E-6, 2.219446292677185E-9, 1.5338690623637084E-6, 0.0011749489294660554, 1.3814747616133764E-9, 1.237900413042995E-12, 9.94360806743791E-10, 7.928767977385089E-13, 7.080540250462757E-10, 5.949776537026784E-10, 6.287108024792663E-7, 3.109919665928087E-13, 2.4368706575294816E-13, 1.2556922484749123E-16, 2.3831068688163647E-10, 6.645812354553089E-17, 1.6160260216548462E-10, 1.7527754963715442E-20, 1.0807692059731731E-10, 1.977018414446935E-7, 5.073859901028411E-21, 5.7497323438548724E-11, 1.2880612348323006E-7, 3.332709619172092E-4, 2.8190381195378734E-18, 6.706197481811299E-15, 1.852373411995346E-11, 8.69689016931332E-19, 5.7869221272937E-19, 2.072078448427715E-4, 6.906396077328488E-12, 5.3230880247741455E-12, 1.0458814743137433E-19, 3.1183057555891397E-12, 5.60197623887323E-24, 2.6292974021842914E-20, 1.339793828170064E-12, 9.98824771225643E-13, 6.052721633919371E-21, 5.444902175652245E-13, 2.9273231107445386E-17, 1.9093232431564908E-17, 1.2333160441329395E-17, 1.4882733251123241E-13, 2.3593588394258757E-22, 4.204579168739251E-5, 1.935122502544863E-18, 1.088322906067931E-9, 2.4623294834084332E-14, 4.2791185955525E-19, 2.5234346817326435E-19, 7.501050701025633E-15, 4.945756825974334E-15, 7.042881224609814E-25, 2.6561498568097193E-20, 1.6011271143150705E-25, 7.86666419954499E-21, 6.461848643115901E-11, 1.4876669507952954E-26, 1.1151712212831913E-21, 5.602528006573491E-22, 1.6610622908380815E-11, 5.214543892146586E-39, 7.925335277211138E-12, 1.24898935405018E-17, 6.868285937016335E-18, 1.3742502154565424E-35, 1.5672969278461522E-12, 1.0116107482998246E-12];
u2=[1.0472234692057721E-5, 1.788544178216123E-4, 0.055799266378825034, 9.32355223180016E-6, 8.964665645693302E-6, 0.05418046307312955, 4.442353392229839E-7, 4.225369958537108E-7, 0.002764310216789126, 0.0027087396931834103, 1.3671939324403317E-4, 0.0025998277359700235, 3.272278450035948E-7, 1.2454004534888523E-4, 2.946823444846108E-7, 2.794897109601731E-7, 1.1322154379385868E-4, 2.511309715733117E-7, 5.02586753811597E-6, 0.002193352608674534, 9.940982882834973E-5, 9.615645761900136E-5, 9.29995956154767E-5, 0.0020071774189068343, 8.69300763182449E-5, 1.6115987295064872E-7, 0.04329887146366376, 0.0018320208247220783, 3.203814961797381E-6, 1.2783672365451296E-7, 2.916287826280602E-6, 0.0016675992310321516, 6.569560442274716E-5, 6.336038848964981E-5, 2.4060667861373834E-6, 8.913321629636126E-8, 2.1806898622648753E-6, 0.03795317721773558, 5.2652536356604926E-5, 5.0695410248463715E-5, 1.7831504852285987E-6, 1.693999123974827E-6, 1.60866302487781E-6, 1.5270092254451703E-6, 4.1761938292988305E-5, 4.013704950119504E-5, 0.0011414302033167355, 3.703947438720598E-5, 0.0010814607149783463, 3.4137073521985777E-5, 0.03199616079769321, 9.87262716622211E-10, 9.375412846981202E-7, 8.861246838814922E-7, 8.371424677476795E-7, 7.904994331649959E-7, 7.461032018451499E-7, 8.389661315857278E-4, 1.543282669546013E-11, 7.90893708595747E-4, 5.892347883837459E-7, 4.132223663037109E-10, 1.4033628692781869E-8, 0.026471678063391527, 3.1364192629459055E-10, 6.585849766262107E-4, 1.612293946209201E-5, 2.364582559298891E-10, 5.988394730032839E-4, 3.3620788446239054E-7, 3.150288921146649E-7, 0.023305652925947527, 5.254657074135611E-4, 1.1456673173486963E-5, 2.414401721010541E-7, 1.0713212244086045E-10, 9.831369206908035E-6, 1.96527152379473E-7, 1.8326850019947135E-7, 1.4349458007316046E-12, 6.34426604397018E-11, 3.847753453829414E-4, 7.1485114882214165E-6, 1.2799784610032883E-7, 1.1889289957791878E-7, 3.666187654478189E-11, 1.0236702251388795E-7, 5.406321182636054E-6, 2.96460125320348E-4, 8.134782906624067E-8, 7.523814646284997E-8, 1.1291597315877574E-9, 2.5340778299785376E-4, 5.9257053789501595E-8, 8.353622275386772E-10, 7.54037449202759E-10, 2.1527280748478045E-4, 8.80096052949039E-12, 5.511789916944446E-10, 6.823744351619729E-12, 2.4488841313434144E-6, 2.2942564361878263E-6, 2.1479700874761833E-6, 2.5360834139594823E-8, 2.318609686063891E-8, 1.755568988994253E-6, 1.3901862306375795E-4, 0.011521178194928058, 2.0328872897564416E-12, 1.3283190632641109E-6, 1.7616825145231606E-16, 1.2628586439815615E-10, 1.0933420580119885E-8, 9.907712343011562E-9, 8.968677799751785E-9, 9.005478842745944E-5, 6.269485865266336E-13, 8.129648605326975E-5, 7.717669638098067E-5, 6.265772817583241E-7, 5.785454230359537E-7, 3.511711333813257E-11, 6.231505983607028E-5, 5.898075031090831E-5, 4.1670828665472905E-7, 5.273776367703245E-5, 0.007058349666746461, 4.7033112774312345E-5, 2.955719637175082E-7, 2.705669429569158E-7, 1.553255433150006E-9, 2.2600987321642265E-7, 7.19869290616033E-12, 1.8797409070970775E-7, 1.711418100334987E-7, 8.371890553088774E-10, 3.836681736988596E-12, 6.468728353821434E-10, 2.7683247928056205E-12, 2.2284753512761046E-5, 9.509303011075942E-8, 8.584810100001567E-8, 0.0042616952579072245, 1.6935245885341262E-5, 2.4891614602129684E-10, 2.1563759402861855E-10, 1.864582442464808E-10, 1.609193776369462E-10, 1.1773189259714614E-5, 1.09157150963715E-5, 3.214804153107918E-8, 8.7513556065084E-11, 7.476424623919527E-11, 2.2557050099720243E-8, 1.4710557800964204E-13, 0.002604436039351961, 6.241732986620802E-6, 7.882905275483312E-14, 5.266530359340528E-6, 1.061124663063902E-8, 4.422034476134682E-6, 3.289394328744064E-14, 3.694068224085051E-6, 2.0843140423406856E-14, 5.377889532187161E-9, 1.3028641777456002E-14, 2.536453229664623E-6, 5.293273211282269E-12, 6.2679816165251255E-15, 3.551055717488865E-12, 2.219446292677185E-9, 2.3527543004765224E-12, 1.9057940187271877E-12, 1.3814747616133764E-9, 1.3057412817851324E-15, 9.962369955552374E-7, 6.2865361639207245E-25, 7.080540250462757E-10, 7.074033353385593E-7, 3.95277273154123E-13, 5.579363189960665E-7, 3.468361517639257E-10, 1.2556922484749123E-16, 3.8438138351829464E-7, 5.814463049455582E-4, 8.802333105479918E-14, 3.439050693964758E-17, 1.0807692059731731E-10, 8.790550469231587E-11, 7.12310318683396E-11, 2.2192020132596777E-14, 3.5889570000660365E-4, 3.701625045494642E-11, 2.6924108245737586E-25, 5.491797402764048E-22, 1.852373411995346E-11, 3.560337662440764E-15, 2.2515911223940552E-4, 3.8197150724012034E-19, 3.624128788027776E-8, 5.3230880247741455E-12, 1.0440190725624351E-19, 3.1183057555891397E-12, 4.2035645290317096E-20, 1.2132992872259014E-4, 1.339793828170064E-12, 9.980420527889041E-21, 6.052721633919371E-21, 3.630642349969537E-21, 2.1532196119365006E-21, 4.369580349594788E-9, 4.33123324442193E-26, 4.1796299223244375E-22, 1.0560303482575274E-13, 4.204579168739251E-5, 1.935122502544863E-18, 1.088322906067931E-9, 2.0840602750722632E-23, 4.2791185955525E-19, 1.1258850456409532E-14, 3.831905003438028E-10, 4.945756825974334E-15, 3.2258949343716423E-15, 4.328913029364799E-30, 1.4572720982065278E-20, 7.86666419954499E-21, 6.461848643115901E-11, 1.0162647408979604E-31, 3.339417945216189E-11, 1.1515638610144678E-16, 2.759127934044255E-22, 3.918255137799174E-17, 6.281093925620734E-23, 2.320168781103043E-6, 1.3055629680188927E-23, 5.7373394075334996E-24, 1.5672969278461522E-12, 1.0352382385666112E-36];
u3=[1.0472234692057721E-5, 1.788544178216123E-4, 0.003113558128415074, 1.573140327124467E-9, 4.905323122817855E-7, 1.5904797268202742E-4, 4.442353392229839E-7, 2.244076657457029E-8, 4.0176023298936303E-7, 7.337270725427356E-6, 7.043256365527619E-6, 3.4463662740868497E-7, 1.2850207820179325E-4, 6.219355177173458E-6, 5.9632537937882986E-6, 1.1690134144509782E-4, 5.4773702213387045E-6, 5.247110636331758E-6, 2.3791374973801447E-7, 0.002193352608674534, 9.939669843648993E-5, 0.045813431098819885, 8.648924784642192E-9, 0.0020071774189068343, 1.7058863790293874E-7, 8.40144811799454E-5, 0.001874792270026876, 7.842525972547402E-5, 0.0017899203786195018, 7.311279368985983E-5, 1.2051413312616322E-7, 6.809849740291273E-5, 2.6508292263763588E-6, 0.03986630121578675, 0.0015511501494495572, 0.0015136164227484317, 0.001476715904385429, 2.9887447762709643E-9, 1.973448189075899E-6, 0.0013697640420274818, 0.036542394266024236, 4.695532880617808E-5, 1.60866302487781E-6, 5.367871070436679E-8, 6.050921383997637E-11, 1.3742336926133556E-6, 4.4017300090591966E-8, 3.703947438720598E-5, 0.032885570011455575, 1.1073928539378042E-6, 1.0984567589141822E-12, 0.03155528614563439, 3.0129560783939107E-5, 8.34146345893873E-10, 8.371424677476795E-7, 0.029817785807249503, 2.5386286545367407E-5, 2.4300580236344274E-5, 6.636954575917382E-7, 7.90893708595747E-4, 5.892347883837459E-7, 1.5140952033923363E-8, 1.4033628692781869E-8, 1.8550021506833566E-5, 1.7709938630458056E-5, 7.33063115689084E-12, 1.612293946209201E-5, 5.8774192241383344E-12, 3.586087144268507E-7, 8.095801801990168E-9, 4.189027151676821E-12, 2.9501567926838435E-7, 6.3293767389567196E-9, 2.582724201341931E-7, 2.414401721010541E-7, 2.2556920348481323E-7, 4.5892600811043736E-4, 0.021055019130255936, 3.79192537813496E-9, 7.05856049000605E-11, 6.34426604397018E-11, 7.547634396903526E-6, 3.7108814439778767E-4, 2.421047593341734E-9, 1.1889289957791878E-7, 6.0549051639791926E-6, 3.275217208116567E-11, 1.6653406063821843E-9, 5.104455614540511E-6, 3.918370001809451E-13, 1.2460848328280185E-9, 4.282064740389393E-6, 4.0339445491169805E-6, 9.245386441720721E-10, 2.3374909256370722E-4, 7.54037449202759E-10, 6.799436727500911E-10, 6.125032456915893E-10, 7.75445334170446E-12, 2.6122297662379793E-6, 3.30083880315267E-8, 3.990891595462606E-10, 2.7714324995921742E-8, 4.038734466206968E-12, 2.318609686063891E-8, 1.755568988994253E-6, 1.3901862306375795E-4, 1.7619256383387596E-8, 1.604755478560382E-8, 1.2083746439119649E-4, 1.6412951581443573E-14, 1.2628586439815615E-10, 1.0933420580119885E-8, 0.009976847806170527, 9.470310343252636E-5, 8.109864918714484E-9, 6.77683023453026E-11, 8.129648605326975E-5, 5.232574984696086E-11, 6.265772817583241E-7, 4.8207722702851495E-9, 5.337173064295673E-7, 4.919143870283814E-7, 5.898075031090831E-5, 2.324806947772342E-11, 3.829857054346524E-7, 0.007058349666746461, 4.7033112774312345E-5, 0.006661229739504583, 1.1318561228848621E-11, 2.4741849512472234E-7, 2.2600987321642265E-7, 3.490611047355903E-5, 3.533425877814144E-14, 0.005552033019050125, 1.5563872220401567E-7, 1.4137527570575005E-7, 6.468728353821434E-10, 0.004880265038991761, 2.2284753512761046E-5, 9.509303011075942E-8, 8.584810100001567E-8, 1.4057625080825495E-12, 1.9988042911620885E-17, 9.887041002192994E-13, 2.1563759402861855E-10, 1.864582442464808E-10, 4.51810436075977E-8, 1.3860798534505952E-10, 0.003303893929346325, 3.214804153107918E-8, 2.676665889091392E-13, 6.464589295897319E-16, 1.8008208357669424E-13, 0.0027134750218752346, 4.6010270376583356E-11, 9.733364007944301E-14, 1.3740792606842746E-8, 1.208611961450905E-8, 5.124018406513902E-14, 9.298934450326477E-9, 8.13335191069515E-9, 7.099983966085748E-9, 3.8260953188956737E-17, 5.377889532187161E-9, 7.796852433418983E-12, 4.139114444743692E-23, 5.293273211282269E-12, 2.083776258643685E-6, 4.874688381224163E-15, 3.776368795331038E-15, 1.899688667346338E-9, 0.0011749489294660554, 1.3814747616133764E-9, 1.3773000452974755E-18, 9.94360806743791E-10, 8.402417980481247E-10, 6.310859738800082E-13, 5.004194788481181E-13, 3.1342043288190777E-16, 9.671600328526263E-26, 7.025999582615999E-4, 2.879585168192836E-10, 2.3831068688163647E-10, 6.645812354553089E-17, 1.6160260216548462E-10, 4.55304271025153E-27, 2.452194627580485E-17, 3.908601811062273E-14, 5.073859901028411E-21, 2.2192020132596777E-14, 1.2880612348323006E-7, 3.332709619172092E-4, 2.8190381195378734E-18, 2.343458427786601E-11, 2.645916774168893E-4, 5.966856511129427E-8, 1.1414807264163602E-11, 1.8434220361201067E-15, 4.7600429069108594E-23, 9.294332331397692E-16, 6.530805443754523E-16, 6.655762664169673E-20, 5.60197623887323E-24, 2.1670641612226987E-16, 1.339793828170064E-12, 9.97650923613958E-25, 6.052721633919371E-21, 2.964695970242255E-25, 5.410474203565283E-9, 4.369580349594788E-9, 3.5118599689237888E-9, 2.808375216970975E-9, 1.0560303482575274E-13, 1.7678485986196051E-9, 1.935122502544863E-18, 3.59034890606321E-14, 6.063066484862442E-28, 6.541497225828732E-10, 2.5234346817326435E-19, 7.501050701025633E-15, 8.426431191103969E-20, 4.76650761730745E-20, 1.6297698784827627E-10, 1.6011271143150705E-25, 6.977276246982656E-31, 5.194397392790364E-16, 2.1777326984040146E-21, 6.444317683790513E-27, 2.725712496464491E-27, 4.0756131941562875E-6, 3.918255137799174E-17, 1.7682518034936296E-28, 1.24898935405018E-17, 1.3055629680188927E-23, 1.547667403179688E-6];
u4=[0.056886582189285204, 1.0077037993078934E-5, 1.7373425939338848E-4, 5.152010745754268E-7, 0.002994105149404961, 0.05418046307312955, 1.5437176241916406E-4, 1.4980242512913566E-4, 4.0176023298936303E-7, 1.0343927106275909E-9, 7.043256365527619E-6, 3.4463662740868497E-7, 0.0025464790109443413, 1.5510222895502392E-8, 5.9632537937882986E-6, 1.1690134144509782E-4, 5.4773702213387045E-6, 1.0963271418662299E-4, 5.0249949951382696E-6, 4.810795665979382E-6, 9.87970366007452E-9, 4.235939316599037E-10, 1.9089817076922548E-7, 8.99246267086063E-5, 1.7058863790293874E-7, 0.043797707944935364, 3.514846055752527E-6, 3.356300302215364E-6, 7.572696804604808E-5, 0.04181490614217016, 0.001707714210950006, 2.7814180409270187E-6, 6.569560442274716E-5, 0.0015893219726278403, 0.0015511501494495572, 5.8887585359646585E-5, 3.2202594021386147E-9, 5.4669413535092584E-5, 2.772289584783603E-9, 2.57002462026004E-9, 6.5160588066876E-8, 6.111410791888467E-8, 7.266309453774625E-11, 5.367871070436679E-8, 1.4489081760397043E-6, 1.3742336926133556E-6, 3.856328662294705E-5, 4.115677708492004E-8, 3.5564452057059226E-5, 0.032441374273908044, 0.00102375430579184, 9.957360837328656E-4, 9.375412846981202E-7, 2.8881591817174362E-5, 2.5322070727612617E-8, 7.906814690163661E-7, 7.461032018451499E-7, 7.038641699479208E-7, 6.636954575917382E-7, 6.255128582963345E-7, 5.892347883837459E-7, 7.448370535653617E-4, 5.220787123312222E-7, 7.007497394918441E-4, 1.7709938630458056E-5, 4.3373417143774657E-7, 1.0289802494194519E-8, 3.8228951105558573E-7, 2.1474905356176001E-10, 3.3620788446239054E-7, 5.612743465674028E-4, 5.431534583047266E-4, 1.2045270794379847E-5, 2.582724201341931E-7, 5.351948368034065E-9, 0.0217931471613103, 2.0706149583306998E-12, 1.96527152379473E-7, 0.020690546242304524, 0.020329156387669814, 7.965090108699449E-6, 1.4805206641456184E-7, 3.7108814439778767E-4, 1.2799784610032883E-7, 4.099528200304132E-11, 1.1035951768149358E-7, 5.722951343595861E-6, 9.488606956022553E-8, 5.104455614540511E-6, 2.852154081851832E-4, 7.523814646284997E-8, 2.636951564363962E-4, 6.421550448388734E-8, 9.245386441720721E-10, 5.463863827435656E-8, 5.034012996889559E-8, 0.014672178007534549, 4.2627191057798464E-8, 0.014068847794553231, 2.6122297662379793E-6, 0.013478950518340317, 1.7395141765817355E-4, 1.6647619948785994E-4, 2.5360834139594823E-8, 2.318609686063891E-8, 1.755568988994253E-6, 1.3901862306375795E-4, 1.3273754699928575E-4, 1.266789437341653E-4, 1.6051070750732416E-10, 1.2365818460008646E-6, 1.2052684630163714E-8, 1.0692199192812685E-6, 0.009976847806170527, 9.216081712544099E-7, 8.545947398797337E-7, 7.325230332215205E-9, 7.330062221536054E-7, 4.596831162374032E-13, 7.322337844641194E-5, 5.785454230359537E-7, 6.579721683199127E-5, 4.919143870283814E-7, 5.898075031090831E-5, 4.1670828665472905E-7, 2.7812717176545232E-9, 3.5164909802968164E-7, 1.51708287530369E-11, 0.006661229739504583, 1.7499795742694366E-9, 3.941136172666463E-5, 0.006091288049293968, 7.19869290616033E-12, 6.1682692268705776E-12, 9.506633735839875E-10, 2.8934219452213974E-5, 3.836681736988596E-12, 3.2622980936881354E-12, 2.770154758222827E-12, 1.0519903407732942E-7, 4.340418258329187E-10, 1.670646203112317E-12, 1.816204647126892E-5, 1.1802629289794968E-12, 1.5777076599335407E-5, 5.6272130503095925E-8, 1.3654971411412066E-5, 1.2685400176460584E-5, 4.755928467712346E-13, 1.3006384114118676E-15, 3.2503056379957804E-13, 2.676665889091392E-13, 2.1984543341942154E-13, 1.8008208357669424E-13, 1.0831305293251854E-18, 1.7666116457224197E-8, 1.5594008953615635E-8, 7.882905275483312E-14, 2.773634202585547E-11, 5.124018406513902E-14, 1.9554388908123728E-11, 3.289394328744064E-14, 0.0019219958959594712, 6.185543887885425E-9, 2.892169582040824E-17, 0.0016710130002733459, 4.039617900407677E-9, 5.293273211282269E-12, 2.083776258643685E-6, 4.874688381224163E-15, 2.8974573340003157E-12, 2.3527543004765224E-12, 1.9057940187271877E-12, 1.3814747616133764E-9, 0.0010548031715858096, 9.962369955552374E-7, 9.436293214409888E-4, 7.944091980081854E-7, 4.208891766811857E-16, 3.95277273154123E-13, 1.7342981307341672E-19, 3.468361517639257E-10, 1.9015448389462404E-13, 2.3831068688163647E-10, 1.1429795491047726E-13, 4.794543346553628E-17, 1.7527754963715442E-20, 2.452194627580485E-17, 8.790550469231587E-11, 4.145304252166E-4, 2.2192020132596777E-14, 1.6591017446777112E-14, 1.233644139568837E-14, 2.951620847336981E-11, 5.491797402764048E-22, 4.9012258828229515E-15, 3.560337662440764E-15, 5.7869221272937E-19, 1.8434220361201067E-15, 2.5003975012060334E-19, 1.622828949745382E-19, 1.5986069123538892E-4, 9.723830785340355E-24, 2.366849433080446E-12, 1.4720951603828805E-8, 1.339793828170064E-12, 9.97650923613958E-25, 5.474454383099032E-25, 4.446177282831232E-17, 2.9273231107445386E-17, 1.2621161510264165E-21, 2.0811615132953834E-13, 7.886971359296771E-18, 4.726708281103559E-5, 7.433059391240842E-14, 1.935122502544863E-18, 1.1844467478721464E-18, 2.4623294834084332E-14, 4.2791185955525E-19, 2.5234346817326435E-19, 1.9575252242150105E-5, 8.426431191103969E-20, 3.2258949343716423E-15, 1.6297698784827627E-10, 1.2071752557961614E-10, 9.417760742146518E-6, 5.194397392790364E-16, 4.666618367087687E-11, 5.778769717869184E-6, 1.1515638610144678E-16, 6.769847388855129E-17, 1.330833166488367E-22, 6.281093925620734E-23, 1.24898935405018E-17, 6.868285937016335E-18, 2.395274390864959E-12];
u5=[0.0032360832331783003, 1.0077037993078934E-5, 0.003113558128415074, 1.6874737456025034E-4, 1.638326938448614E-4, 4.668889149234399E-7, 0.002877698176540579, 4.225369958537108E-7, 2.1123230427895042E-8, 0.0027087396931834103, 1.3671939324403317E-4, 1.3256133190689932E-4, 3.272278450035948E-7, 6.219355177173458E-6, 5.9642604012877325E-6, 5.716005784754504E-6, 5.4773702213387045E-6, 0.04786081121187809, 5.0249949951382696E-6, 0.002193352608674534, 0.00214576079496767, 9.616925149752789E-5, 9.29995956154767E-5, 4.028761190969502E-6, 7.556838168695883E-9, 0.001918239221229854, 8.117638952096415E-5, 1.436567427373053E-7, 7.572696804604808E-5, 1.2783672365451296E-7, 2.916287826280602E-6, 0.0016675992310321516, 6.569560442274716E-5, 6.336038848964981E-5, 9.47852095909082E-8, 0.0015136164227484317, 8.379968396185535E-8, 2.07487794028704E-6, 1.973448189075899E-6, 6.944075005417715E-8, 1.7831504852285987E-6, 0.036076823803477265, 4.516986678628092E-5, 4.343914270662557E-5, 5.0269096416608956E-8, 5.5157685746632396E-11, 3.856328662294705E-5, 1.234676229096861E-6, 1.1695572780414758E-6, 1.226318932952515E-12, 0.00102375430579184, 9.914903484476644E-7, 2.9173464121055274E-8, 2.8881591817174362E-5, 9.149548992970525E-4, 8.891003504470099E-4, 1.894078967445707E-11, 7.038641699479208E-7, 2.3252873767524548E-5, 6.255128582963345E-7, 5.892347883837459E-7, 1.5145532947734628E-8, 1.942235952199738E-5, 4.910501973978874E-7, 1.7709938630458056E-5, 1.1130881233343789E-8, 1.0289802494194519E-8, 6.182956501994703E-4, 1.4654318597661237E-5, 5.798343595048421E-4, 5.612743465674028E-4, 2.9501567926838435E-7, 5.255356035529818E-4, 2.582724201341931E-7, 2.414401721010541E-7, 0.0217931471613103, 9.665582048253953E-11, 4.4331383057544347E-4, 7.845700738366962E-11, 3.4721364504270573E-9, 3.988354889912737E-4, 7.547634396903526E-6, 7.1485114882214165E-6, 1.2799784610032883E-7, 6.402755813166806E-6, 1.1035951768149358E-7, 3.275217208116567E-11, 5.406321182636054E-6, 8.788860590495642E-8, 0.0168883216509274, 2.0637502166148052E-11, 6.953513552801546E-8, 6.421550448388734E-8, 5.9257053789501595E-8, 2.3374909256370722E-4, 3.36074645624647E-6, 0.014672178007534549, 2.9666412876332703E-6, 5.511789916944446E-10, 3.597618975348625E-8, 4.449184289671251E-10, 2.2942564361878263E-6, 2.7714324995921742E-8, 2.009660286269042E-6, 2.8611100130708445E-10, 2.554836827720205E-10, 1.9326177558543217E-8, 1.5292929321364067E-6, 1.266789437341653E-4, 1.4601692800493677E-8, 1.1520780729550391E-4, 1.2628586439815615E-10, 1.1432312357878424E-12, 9.884773815354345E-11, 8.727915396656784E-11, 7.303321694301097E-13, 7.325230332215205E-9, 6.609118644609483E-9, 7.717669638098067E-5, 6.265772817583241E-7, 4.8207722702851495E-9, 4.3292737428360756E-9, 6.231505983607028E-5, 5.898075031090831E-5, 4.1670828665472905E-7, 2.01978096248943E-11, 2.4820622938894968E-9, 4.7033112774312345E-5, 2.955719637175082E-7, 2.705669429569158E-7, 3.941136172666463E-5, 0.006091288049293968, 0.005908139341075076, 1.0767891154602516E-9, 1.711418100334987E-7, 2.8934219452213974E-5, 7.364862105715082E-10, 1.2826677793943292E-7, 5.672488626514304E-10, 4.966102391245157E-10, 1.9811368546458643E-12, 8.584810100001567E-8, 1.816204647126892E-5, 4.857071758934332E-15, 2.4891614602129684E-10, 8.26333951508963E-13, 6.890123209508982E-13, 1.2685400176460584E-5, 1.3860798534505952E-10, 3.936683317400568E-13, 3.214804153107918E-8, 2.8612545653788667E-8, 7.476424623919527E-11, 1.8008208357669424E-13, 5.421298402370418E-11, 4.6010270376583356E-11, 3.8959230676270236E-11, 1.8880938146426428E-16, 2.773634202585547E-11, 1.061124663063902E-8, 4.112020873066026E-14, 3.289394328744064E-14, 1.3646140044194881E-11, 7.02341638155238E-20, 5.377889532187161E-9, 4.665943611535989E-9, 6.433594986276096E-12, 8.028887788024517E-15, 4.342123496087073E-12, 9.185982242979132E-21, 2.219446292677185E-9, 2.3527543004765224E-12, 1.6220228564259921E-9, 1.5385936658099803E-12, 1.1126097307874828E-6, 9.962369955552374E-7, 8.402417980481247E-10, 7.944091980081854E-7, 5.949776537026784E-10, 4.985128800808901E-10, 1.7342981307341672E-19, 4.93646701349202E-7, 2.879585168192836E-10, 2.3831068688163647E-10, 1.1429795491047726E-13, 1.4224799349729407E-23, 3.439050693964758E-17, 5.148064141540811E-14, 8.790550469231587E-11, 7.12310318683396E-11, 8.565368405225536E-18, 1.2880612348323006E-7, 1.233644139568837E-14, 8.71206562643428E-22, 6.706197481811299E-15, 1.852373411995346E-11, 1.457532982918534E-11, 2.570147869982994E-15, 3.8197150724012034E-19, 6.899306419424245E-12, 3.04866074390013E-8, 1.0440190725624351E-19, 3.1183057555891397E-12, 3.1542359332262716E-16, 1.2132992872259014E-4, 1.4770117961346047E-16, 9.98824771225643E-13, 4.9514338516218355E-29, 5.444902175652245E-13, 2.1532196119365006E-21, 1.9093232431564908E-17, 2.0811615132953834E-13, 2.2149574902408935E-26, 4.991547392205539E-18, 1.3140523628261419E-22, 5.188374872523158E-14, 1.289060526726929E-27, 2.4660920113718532E-14, 1.6730762810403662E-14, 2.5234346817326435E-19, 3.831905003438028E-10, 8.426431191103969E-20, 2.2719594865849946E-39, 2.6561498568097193E-20, 1.4572720982065278E-20, 9.417760742146518E-6, 4.175548788653882E-21, 1.4876669507952954E-26, 6.444317683790513E-27, 1.1515638610144678E-16, 1.6610622908380815E-11, 1.330833166488367E-22, 7.925335277211138E-12, 6.723538473735738E-29, 6.868285937016335E-18];
u6=[1.8408971481556516E-4, 5.677617357779657E-7, 0.055799266378825034, 5.153018572074095E-7, 0.002994105149404961, 1.5904797268202742E-4, 4.442353392229839E-7, 1.4980242512913566E-4, 1.4533833089689396E-4, 0.0027087396931834103, 0.0026539134058080377, 1.3256133190689932E-4, 1.2850207820179325E-4, 6.219355177173458E-6, 5.9632537937882986E-6, 2.794897109601731E-7, 1.1322154379385868E-4, 5.247110636331758E-6, 1.1264280336431493E-8, 4.810795665979382E-6, 9.939669843648993E-5, 4.4052572458347076E-6, 3.918523662588033E-10, 1.8049468013314099E-7, 0.04429860195610186, 8.40144811799454E-5, 0.001874792270026876, 7.841436123363846E-5, 5.7345736894471874E-9, 5.345480601136009E-9, 7.057043406526486E-5, 2.7808871953390234E-6, 1.0696142685884195E-7, 0.03986630121578675, 2.4060667861373834E-6, 5.8887585359646585E-5, 2.1806898622648753E-6, 5.4669413535092584E-5, 0.03748059116677939, 5.0695410248463715E-5, 0.001335346578693561, 1.693999123974827E-6, 1.60866302487781E-6, 1.5270092254451703E-6, 0.0012037060172815056, 5.5157685746632396E-11, 0.0011414302033167355, 0.0011111598575798448, 3.5570256480761996E-5, 1.1653397886454623E-9, 3.353430835226135E-8, 9.914903484476644E-7, 9.682671556435859E-4, 7.852169553840745E-13, 2.5322070727612617E-8, 8.891003504470099E-4, 7.461032018451499E-7, 7.038641699479208E-7, 1.8943536391751572E-8, 2.2242171303007124E-5, 5.892347883837459E-7, 7.448370535653617E-4, 1.4033628692781869E-8, 1.8550021506833566E-5, 3.1364192629459055E-10, 4.3373417143774657E-7, 0.02526279557308772, 9.50583951584037E-9, 1.4654318597661237E-5, 5.798343595048421E-4, 4.189027151676821E-12, 2.9501567926838435E-7, 2.761142096676342E-7, 2.582724201341931E-7, 1.0891987869755844E-5, 1.0713212244086045E-10, 4.511871024386177E-9, 1.96527152379473E-7, 7.845700738366962E-11, 4.132745994343364E-4, 7.965090108699449E-6, 3.847753453829414E-4, 1.3770641091259333E-7, 4.5793516280198816E-11, 1.1889289957791878E-7, 0.0182264651043629, 1.0236702251388795E-7, 3.0803582512465254E-4, 5.104455614540511E-6, 4.816809553231926E-6, 1.2460848328280185E-9, 6.953513552801546E-8, 2.5904178428157483E-13, 2.4342771779216433E-4, 8.353622275386772E-10, 5.034012996889559E-8, 3.1585209515984146E-6, 4.2627191057798464E-8, 1.979324782663053E-4, 2.6122297662379793E-6, 0.013478950518340317, 3.025909570528833E-8, 4.613775496692443E-12, 1.5925085286928552E-4, 2.318609686063891E-8, 2.1178272608232347E-8, 1.6391151860910744E-6, 1.7619256383387596E-8, 1.604755478560382E-8, 0.01099260953510114, 1.529134661858906E-12, 1.2052684630163714E-8, 1.1180084043153988E-10, 9.907712343011562E-9, 8.727915396656784E-11, 8.109864918714484E-9, 7.918008502942098E-7, 8.129648605326975E-5, 6.779993482573588E-7, 7.322337844641194E-5, 6.94317814137384E-5, 3.511711333813257E-11, 2.4197976416550823E-13, 4.529658277145492E-7, 0.007469256590664824, 2.01978096248943E-11, 0.007058349666746461, 1.0404259299194541E-13, 1.9688727548788334E-9, 1.1318561228848621E-11, 3.941136172666463E-5, 3.710379009947151E-5, 2.0623016453274685E-7, 6.1682692268705776E-12, 0.005552033019050125, 2.4223411849298762E-14, 1.4137527570575005E-7, 3.2622980936881354E-12, 2.7683247928056205E-12, 4.966102391245157E-10, 2.0833670483928623E-5, 3.2511595521176315E-17, 3.2985993202453193E-10, 6.969269516193453E-8, 1.5777076599335407E-5, 5.6272130503095925E-8, 1.864582442464808E-10, 5.731396185524932E-13, 0.003431208134129233, 1.1915283606515265E-10, 3.214804153107918E-8, 2.8612545653788667E-8, 2.5425556623006937E-8, 2.2557050099720243E-8, 0.0027134750218752346, 1.7666116457224197E-8, 3.8959230676270236E-11, 5.736863586426391E-6, 5.266530359340528E-6, 0.0021974658583019018, 4.112020873066026E-14, 8.13335191069515E-9, 1.3646140044194881E-11, 1.1354565594964055E-11, 0.0017520128710606477, 7.796852433418983E-12, 6.433594986276096E-12, 5.293273211282269E-12, 4.342123496087073E-12, 3.551055717488865E-12, 1.7014914070192874E-6, 1.899688667346338E-9, 0.0011749489294660554, 1.5385936658099803E-12, 1.1735842727718686E-9, 9.962369955552374E-7, 8.402417980481247E-10, 5.01340502384232E-19, 5.949776537026784E-10, 3.95277273154123E-13, 2.3223970081259764E-16, 3.468361517639257E-10, 4.360670635287926E-7, 3.8438138351829464E-7, 1.1429795491047726E-13, 8.802333105479918E-14, 3.439050693964758E-17, 1.0807692059731731E-10, 3.43587614842729E-24, 1.718354734302552E-7, 8.565368405225536E-18, 5.954444820382845E-18, 1.1106953405722187E-7, 3.0904390990862046E-4, 2.343458427786601E-11, 2.645916774168893E-4, 3.560337662440764E-15, 1.1414807264163602E-11, 1.8434220361201067E-15, 1.3134309472211678E-15, 5.3230880247741455E-12, 1.0440190725624351E-19, 4.555732984220623E-16, 3.1542359332262716E-16, 1.4720951603828805E-8, 1.7950475020025945E-24, 9.98824771225643E-13, 4.9514338516218355E-29, 2.964695970242255E-25, 2.1532196119365006E-21, 2.888415019404447E-13, 7.308747807406936E-22, 2.808375216970975E-9, 2.236245844961206E-9, 4.204579168739251E-5, 3.729727612383941E-5, 1.289060526726929E-27, 8.463775011081953E-10, 6.541497225828732E-10, 2.5234346817326435E-19, 3.831905003438028E-10, 2.902831581594766E-10, 3.2258949343716423E-15, 1.6297698784827627E-10, 1.0987152751264367E-5, 7.86666419954499E-21, 8.038562460487511E-6, 4.666618367087687E-11, 1.9297727297124212E-16, 1.1515638610144678E-16, 4.58308336683886E-33, 1.330833166488367E-22, 2.815197200412635E-6, 1.24898935405018E-17, 3.6132574887750424E-12, 1.3742502154565424E-35];
u7=[1.8408971481556516E-4, 0.0031744350667605305, 9.694244219019579E-6, 9.32355223180016E-6, 0.002994105149404961, 2.5296257614262936E-8, 0.053644181199274346, 1.4980242512913566E-4, 1.4533833089689396E-4, 0.0027087396931834103, 7.043256365527619E-6, 1.3256133190689932E-4, 0.050462649662342755, 1.5510222895502392E-8, 5.9632537937882986E-6, 6.682087439457405E-10, 1.1322154379385868E-4, 1.0964689033931077E-4, 0.0022416500608119613, 4.810795665979382E-6, 9.87970366007452E-9, 4.4052572458347076E-6, 4.213484625019077E-6, 1.8049468013314099E-7, 1.7058863790293874E-7, 3.091431891823552E-10, 6.589606215659298E-9, 3.356300302215364E-6, 3.203814961797381E-6, 2.2352076962129375E-10, 4.980186164159896E-9, 2.7808871953390234E-6, 1.7414782824827816E-10, 0.0015893219726278403, 9.476208278721591E-8, 5.8887585359646585E-5, 2.1806898622648753E-6, 5.4669413535092584E-5, 1.973448189075899E-6, 5.0703121421881175E-5, 4.879676116040667E-5, 1.693999123974827E-6, 1.60866302487781E-6, 4.343914270662557E-5, 4.1761938292988305E-5, 4.013704950119504E-5, 4.4017300090591966E-8, 0.0011111598575798448, 3.5564452057059226E-5, 3.4137073521985777E-5, 3.2756207385446465E-5, 3.142073704772393E-5, 9.682671556435859E-4, 2.8881591817174362E-5, 8.371424677476795E-7, 2.3570942778866036E-8, 1.894078967445707E-11, 0.02896491207626441, 5.406961384484312E-10, 7.90893708595747E-4, 7.676163028386943E-4, 4.132223663037109E-10, 7.225501452018553E-4, 1.8550021506833566E-5, 1.203266319042875E-8, 0.02566291052523487, 1.612293946209201E-5, 0.024865551475876626, 1.4654318597661237E-5, 3.3620788446239054E-7, 7.463421724680164E-9, 5.431534583047266E-4, 1.4508854850994012E-10, 2.9589427072029642E-12, 5.351948368034065E-9, 2.2556920348481323E-7, 9.831369206908035E-6, 9.333981183472997E-6, 1.8326850019947135E-7, 3.4721364504270573E-9, 1.5906974727890838E-7, 0.019615691305252064, 1.8963055606428002E-14, 4.5793516280198816E-11, 6.402755813166806E-6, 2.011463897956065E-9, 1.0236702251388795E-7, 5.129845678005262E-13, 2.6055467120814148E-11, 0.0168883216509274, 4.543921020339594E-6, 1.1291597315877574E-9, 1.022232944928011E-9, 0.015602170291089772, 5.463863827435656E-8, 2.2436606242677522E-4, 3.1585209515984146E-6, 2.0646353445051373E-4, 2.7846819103273647E-6, 6.823744351619729E-12, 3.30083880315267E-8, 3.990891595462606E-10, 2.7714324995921742E-8, 3.200401145658774E-10, 2.8611100130708445E-10, 3.7179918631479003E-14, 2.2786753621327656E-10, 1.5292929321364067E-6, 1.266789437341653E-4, 1.4601692800493677E-8, 1.1520780729550391E-4, 1.1503045688168575E-6, 0.010225605025642768, 9.861888395420977E-13, 8.493616213228977E-13, 7.303321694301097E-13, 6.269485865266336E-13, 6.609118644609483E-9, 5.956242464282073E-9, 4.5880105428113934E-11, 4.0169439350151144E-11, 4.3292737428360756E-9, 4.919143870283814E-7, 2.0517804107712667E-13, 5.578979401718991E-5, 1.4667805056727836E-13, 4.9820300018059875E-5, 4.7033112774312345E-5, 1.9688727548788334E-9, 0.006467824765082619, 1.553255433150006E-9, 2.2600987321642265E-7, 0.005908139341075076, 1.0767891154602516E-9, 2.9289519141542156E-14, 2.894159139794374E-5, 2.7138279432777386E-5, 8.297229433101288E-17, 2.3816986850805257E-5, 2.3443345441938357E-12, 4.1274352413258737E-17, 3.7871071278758257E-10, 7.740110732049753E-8, 1.6935245885341262E-5, 9.887041002192994E-13, 8.26333951508963E-13, 1.864582442464808E-10, 1.609193776369462E-10, 4.755928467712346E-13, 0.003303893929346325, 3.214804153107918E-8, 2.5039856182376103E-18, 8.646632074929248E-6, 5.088205092012889E-16, 5.421298402370418E-11, 1.198308063491017E-13, 1.5594008953615635E-8, 1.3740792606842746E-8, 0.0022948922326202, 2.331785218485038E-11, 1.9554388908123728E-11, 6.615141330320845E-17, 1.3646140044194881E-11, 6.185543887885425E-9, 5.377889532187161E-9, 4.665943611535989E-9, 1.0246301870100112E-14, 3.489741297800916E-9, 4.342123496087073E-12, 3.551055717488865E-12, 3.776368795331038E-15, 1.5338690623637084E-6, 1.3805049868534296E-6, 1.3814747616133764E-9, 1.3773000452974755E-18, 9.94360806743791E-10, 8.402417980481247E-10, 5.624846301834814E-16, 5.949776537026784E-10, 1.9705081187058256E-22, 1.29512309727574E-22, 2.4368706575294816E-13, 1.2556922484749123E-16, 9.160219153075869E-17, 1.1429795491047726E-13, 4.794543346553628E-17, 2.597618873424972E-7, 2.2689345829134896E-7, 8.790550469231587E-11, 7.12310318683396E-11, 1.489698631690208E-7, 1.6591017446777112E-14, 4.111377690576327E-18, 2.951620847336981E-11, 2.343458427786601E-11, 4.9012258828229515E-15, 3.560337662440764E-15, 2.570147869982994E-15, 3.8197150724012034E-19, 1.3134309472211678E-15, 2.8335266119493913E-23, 1.6689761060276112E-23, 6.655762664169673E-20, 1.7760168730128304E-8, 2.1670641612226987E-16, 1.4770117961346047E-16, 1.0000038053392214E-4, 5.474454383099032E-25, 4.446177282831232E-17, 3.979724384449733E-13, 1.2621161510264165E-21, 7.308747807406936E-22, 2.808375216970975E-9, 1.0560303482575274E-13, 7.433059391240842E-14, 1.0040140967457863E-31, 1.1844467478721464E-18, 2.0840602750722632E-23, 6.541497225828732E-10, 5.655748442192034E-24, 5.626576161935714E-29, 1.703769814732837E-5, 1.0406398127604624E-29, 2.6561498568097193E-20, 1.4572720982065278E-20, 6.977276246982656E-31, 8.038562460487511E-6, 2.1777326984040146E-21, 3.339417945216189E-11, 5.602528006573491E-22, 6.769847388855129E-17, 1.5352723324889621E-33, 6.281093925620734E-23, 2.320168781103043E-6, 1.3055629680188927E-23, 2.126882262274746E-41, 1.9621261393384775E-18];
u8=[1.8411088944605676E-4, 0.0031744350667605305, 3.0190630747545027E-8, 1.687275716393697E-4, 8.964665645693302E-6, 4.668889149234399E-7, 1.2783752256368642E-9, 4.225369958537108E-7, 4.0176023298936303E-7, 3.818723198949895E-7, 0.05151614703962281, 6.7591042567190196E-6, 0.050462649662342755, 6.219355177173458E-6, 0.04941636808944316, 5.716005784754504E-6, 0.002340378221856182, 5.247110636331758E-6, 1.0613331398025549E-4, 1.0272181474144623E-4, 9.939669843648993E-5, 9.246064341834805E-9, 8.648924784642192E-9, 8.08643848868219E-9, 7.556838168695883E-9, 3.6796417098645173E-6, 6.589606215659298E-9, 6.1488120476795415E-9, 0.04230745062774997, 5.345480601136009E-9, 0.04132449891952722, 6.809849740291273E-5, 2.6508292263763588E-6, 2.5259443326776494E-6, 9.476208278721591E-8, 0.0015136164227484317, 2.1806898622648753E-6, 2.9887447762709643E-9, 5.2652536356604926E-5, 6.944075005417715E-8, 2.3811238997457724E-9, 4.695532880617808E-5, 1.60866302487781E-6, 1.5270092254451703E-6, 6.050921383997637E-11, 0.0011722771398493428, 1.4871270751635674E-9, 4.115677708492004E-8, 3.846155774944035E-8, 0.0324395954218101, 3.353430835226135E-8, 3.128676165590081E-8, 9.375412846981202E-7, 8.861246838814922E-7, 9.149548992970525E-4, 2.6511003810779414E-5, 2.192798016396635E-8, 2.038736379617433E-8, 6.636954575917382E-7, 6.255128582963345E-7, 1.6325273828609835E-8, 5.547822363639295E-7, 5.220787123312222E-7, 4.910501973978874E-7, 1.7709938630458056E-5, 6.585849766262107E-4, 6.382088401676205E-4, 9.50583951584037E-9, 3.586087144268507E-7, 5.798343595048421E-4, 1.3297279254475775E-5, 2.9501567926838435E-7, 5.254657074135611E-4, 2.582724201341931E-7, 1.1863539975490842E-10, 2.2556920348481323E-7, 2.106130809201812E-7, 4.4331383057544347E-4, 1.6233183393046418E-12, 4.132745994343364E-4, 7.965090108699449E-6, 1.4805206641456184E-7, 5.1101216497233563E-11, 1.2799784610032883E-7, 2.2077246083594895E-9, 2.011463897956065E-9, 5.722951343595861E-6, 9.488606956022553E-8, 2.6055467120814148E-11, 8.134782906624067E-8, 4.542851765812754E-6, 2.636951564363962E-4, 6.421550448388734E-8, 3.7980007065646916E-6, 2.3374909256370722E-4, 7.54037449202759E-10, 4.634238164237935E-8, 2.0646353445051373E-4, 7.75445334170446E-12, 4.954718171835312E-10, 5.99703348874559E-12, 2.2942564361878263E-6, 2.1479700874761833E-6, 1.5925085286928552E-4, 1.5226981598675068E-4, 2.1178272608232347E-8, 1.3901862306375795E-4, 1.5292929321364067E-6, 0.011255174087243844, 1.2083746439119649E-4, 1.529134661858906E-12, 1.2052684630163714E-8, 1.0692199192812685E-6, 9.884773815354345E-11, 8.968677799751785E-9, 9.005478842745944E-5, 7.918008502942098E-7, 8.129648605326975E-5, 5.232574984696086E-11, 7.322337844641194E-5, 6.944663188863771E-5, 5.337173064295673E-7, 6.231505983607028E-5, 5.898075031090831E-5, 3.112501116480479E-9, 3.829857054346524E-7, 3.5164909802968164E-7, 1.51708287530369E-11, 1.9688727548788334E-9, 2.705669429569158E-7, 1.553255433150006E-9, 1.37669123974564E-9, 7.19869290616033E-12, 6.1682692268705776E-12, 0.005552033019050125, 2.8934219452213974E-5, 1.0412094107302987E-16, 1.6452366322963796E-14, 2.7683247928056205E-12, 4.966102391245157E-10, 9.509303011075942E-8, 3.2511595521176315E-17, 1.4057625080825495E-12, 2.8680255319696815E-10, 3.927169102589343E-15, 5.6272130503095925E-8, 1.3654971411412066E-5, 4.51810436075977E-8, 1.6318580443751411E-15, 3.606436484137587E-8, 1.0110431252409395E-5, 9.354868041029976E-6, 2.1984543341942154E-13, 2.2557050099720243E-8, 5.421298402370418E-11, 1.7666116457224197E-8, 9.733364007944301E-14, 3.2911603809265077E-11, 5.266530359340528E-6, 4.828856198402514E-6, 4.422034476134682E-6, 3.289394328744064E-14, 7.099983966085748E-9, 1.1354565594964055E-11, 0.0017520128710606477, 1.3028641777456002E-14, 0.0015929330371650529, 2.3007114576326754E-6, 2.083776258643685E-6, 2.5868313464467446E-9, 2.219446292677185E-9, 1.5338690623637084E-6, 0.0011749489294660554, 1.3814747616133764E-9, 1.1735842727718686E-9, 9.94360806743791E-10, 7.48181794636294E-16, 7.944091980081854E-7, 5.949776537026784E-10, 3.1342043288190777E-16, 3.109919665928087E-13, 1.7121452222691312E-16, 5.47566031488323E-23, 1.4774904799543828E-13, 3.38079805534843E-7, 8.802333105479918E-14, 3.439050693964758E-17, 1.0807692059731731E-10, 8.790550469231587E-11, 1.224001808402173E-17, 1.489698631690208E-7, 5.954444820382845E-18, 1.1106953405722187E-7, 9.121804472288176E-15, 6.706197481811299E-15, 1.2968235777351987E-18, 3.560337662440764E-15, 2.570147869982994E-15, 3.8197150724012034E-19, 1.3134309472211678E-15, 1.622828949745382E-19, 1.6689761060276112E-23, 3.1183057555891397E-12, 3.1542359332262716E-16, 3.1901246639751096E-24, 1.2153237412864956E-8, 9.980420527889041E-21, 6.692071321448593E-17, 3.630642349969537E-21, 2.9273231107445386E-17, 1.9093232431564908E-17, 5.9260948093358994E-5, 1.4882733251123241E-13, 1.0560303482575274E-13, 5.525037191371369E-27, 1.935122502544863E-18, 1.088322906067931E-9, 2.0840602750722632E-23, 1.0944423851025407E-23, 2.5234346817326435E-19, 1.9575252242150105E-5, 4.16750795820052E-34, 1.0406398127604624E-29, 1.2766244077577252E-5, 1.3263418932979107E-15, 8.35300918650438E-16, 3.356540974440719E-26, 1.0162647408979604E-31, 3.7240227883417294E-32, 5.602528006573491E-22, 1.6610622908380815E-11, 1.1536174263976628E-11, 6.281093925620734E-23, 1.24898935405018E-17, 9.017937996098462E-41, 3.707088096412793E-18];
u9=[0.056886582189285204, 0.0031744350667605305, 0.055799266378825034, 0.003053449235176534, 0.002994105149404961, 4.668889149234399E-7, 8.2824693911167E-6, 1.4980242512913566E-4, 1.4533833089689396E-4, 0.0027087396931834103, 1.3671939324403317E-4, 0.050988505920158356, 1.2850207820179325E-4, 1.2454004534888523E-4, 1.2067365580155259E-4, 5.716005784754504E-6, 5.4773702213387045E-6, 2.511309715733117E-7, 0.0022416500608119613, 0.002193352608674534, 4.604289389220286E-6, 0.002098870469046317, 9.29995956154767E-5, 1.8049468013314099E-7, 0.04429860195610186, 0.001918239221229854, 8.117638952096415E-5, 1.436567427373053E-7, 0.0017899203786195018, 3.0572046059333374E-6, 7.057043406526486E-5, 6.809849740291273E-5, 6.569560442274716E-5, 2.5259443326776494E-6, 0.0015511501494495572, 0.0015136164227484317, 5.674732947142636E-5, 2.07487794028704E-6, 1.973448189075899E-6, 6.944075005417715E-8, 4.880424094545126E-5, 6.111410791888467E-8, 2.0409521833316373E-9, 4.343914270662557E-5, 1.4489081760397043E-6, 0.0011722771398493428, 1.3028629090436843E-6, 1.234676229096861E-6, 3.5564452057059226E-5, 0.0324395954218101, 3.2756207385446465E-5, 3.128676165590081E-8, 9.375412846981202E-7, 2.8881591817174362E-5, 2.7675758386634408E-5, 7.904994331649959E-7, 2.192798016396635E-8, 2.4300580236344274E-5, 1.8943536391751572E-8, 0.028122832513737785, 4.5230622976307187E-10, 5.547822363639295E-7, 1.4033628692781869E-8, 7.007497394918441E-4, 6.794299766648912E-4, 4.3373417143774657E-7, 1.0289802494194519E-8, 2.363679418025512E-10, 8.775584426245677E-9, 1.3962266411572586E-5, 3.150288921146649E-7, 2.9501567926838435E-7, 1.4508854850994012E-10, 2.582724201341931E-7, 2.414401721010541E-7, 4.7494126319452725E-4, 2.106130809201812E-7, 1.96527152379473E-7, 4.2809870380494186E-4, 1.707958945376112E-7, 1.5906974727890838E-7, 3.847753453829414E-4, 1.3770641091259333E-7, 2.421047593341734E-9, 2.2077246083594895E-9, 3.322040302005585E-4, 5.722951343595861E-6, 1.6653406063821843E-9, 8.788860590495642E-8, 3.918370001809451E-13, 2.0637502166148052E-11, 4.282064740389393E-6, 1.62727086253506E-11, 3.7980007065646916E-6, 1.9526516264916324E-13, 3.36074645624647E-6, 4.634238164237935E-8, 6.125032456915893E-10, 1.979324782663053E-4, 2.6122297662379793E-6, 4.449184289671251E-10, 1.7395141765817355E-4, 3.577437903090086E-10, 1.5925085286928552E-4, 2.318609686063891E-8, 1.755568988994253E-6, 1.6391151860910744E-6, 1.7619256383387596E-8, 1.4257935649161984E-6, 1.4601692800493677E-8, 1.3272838861837962E-8, 1.2628586439815615E-10, 1.0456299814045064E-4, 9.930704101633972E-7, 9.470310343252636E-5, 9.005478842745944E-5, 7.325230332215205E-9, 8.129648605326975E-5, 5.956242464282073E-9, 5.3616631511064645E-9, 4.0169439350151144E-11, 3.511711333813257E-11, 6.231505983607028E-5, 3.4787289072377105E-9, 5.578979401718991E-5, 5.273776367703245E-5, 4.9820300018059875E-5, 1.51708287530369E-11, 1.3115113748099188E-11, 4.183275719181604E-5, 0.006277846902136483, 3.111458125530718E-16, 1.2184365483923074E-9, 6.1682692268705776E-12, 9.501849802459886E-10, 8.371890553088774E-10, 2.7138279432777386E-5, 1.6452366322963796E-14, 0.004880265038991761, 5.224291746881064E-17, 9.509303011075942E-8, 1.670646203112317E-12, 3.2985993202453193E-10, 6.969269516193453E-8, 6.266712936292313E-8, 5.6272130503095925E-8, 1.3654971411412066E-5, 1.609193776369462E-10, 1.3860798534505952E-10, 1.1915283606515265E-10, 3.2503056379957804E-13, 8.7513556065084E-11, 8.646632074929248E-6, 2.2557050099720243E-8, 1.4710557800964204E-13, 1.198308063491017E-13, 9.733364007944301E-14, 3.2911603809265077E-11, 2.773634202585547E-11, 2.331785218485038E-11, 9.298934450326477E-9, 1.6356589390432352E-11, 2.6227825160630713E-14, 2.0843140423406856E-14, 2.892169582040824E-17, 4.665943611535989E-9, 1.631851278129413E-17, 0.0015168096313093067, 2.083776258643685E-6, 3.551055717488865E-12, 2.219446292677185E-9, 2.9138736749654904E-15, 1.9057940187271877E-12, 2.1255283176946932E-21, 1.3057412817851324E-15, 9.981167244141526E-4, 7.928767977385089E-13, 6.310859738800082E-13, 4.208891766811857E-16, 2.4851509160654394E-19, 3.109919665928087E-13, 3.468361517639257E-10, 1.9015448389462404E-13, 1.4774904799543828E-13, 6.645812354553089E-17, 4.794543346553628E-17, 5.096684092059239E-4, 2.452194627580485E-17, 4.446367522424271E-4, 1.224001808402173E-17, 5.7497323438548724E-11, 1.6591017446777112E-14, 1.1106953405722187E-7, 9.121804472288176E-15, 1.9190903551691904E-18, 4.9012258828229515E-15, 1.457532982918534E-11, 2.570147869982994E-15, 1.8434220361201067E-15, 6.899306419424245E-12, 9.294332331397692E-16, 2.5555440602256348E-8, 3.1183057555891397E-12, 4.2035645290317096E-20, 2.1670641612226987E-16, 1.6282832478041983E-20, 9.98824771225643E-13, 6.052721633919371E-21, 5.444902175652245E-13, 2.1532196119365006E-21, 1.9093232431564908E-17, 1.2333160441329395E-17, 1.4882733251123241E-13, 4.991547392205539E-18, 1.3140523628261419E-22, 1.3910868062579212E-9, 1.1844467478721464E-18, 2.4623294834084332E-14, 4.2791185955525E-19, 1.1258850456409532E-14, 7.501050701025633E-15, 2.902831581594766E-10, 7.042881224609814E-25, 2.0806040058994407E-15, 1.3263418932979107E-15, 8.35300918650438E-16, 6.461848643115901E-11, 1.4876669507952954E-26, 5.778769717869184E-6, 5.602528006573491E-22, 1.8678875039806744E-38, 3.918255137799174E-17, 1.7682518034936296E-28, 2.897866107197283E-23, 3.6132574887750424E-12, 1.3742502154565424E-35];
u=[u0; u1; u2; u3; u4; u5; u6; u7; u8; u9; ];
vect=1000*(1:length(u0));
taille = length(u0);
umean=zeros(taille,1);
uintervalleincertitude = zeros(taille,2);
for i = 1:taille;
			umean(i) = mean(u(:,i));
			nombredeVecteurs=length(u(:,1));
			uincertitude(i) = std(u(:,i))/sqrt(nombredeVecteurs);
			uintervalleincertitude(i,1) = umean(i) + uincertitude(i)*1.96;
			uintervalleincertitude(i,2) = umean(i) - uincertitude(i)*1.96;
			end;
plot(vect,uintervalleincertitude,'k-');
hold on;
title('data/dsjc250.5.col')
xlabel('Nombre d iterations');
ylabel('Proba');
legend({['Recuit Simulé Linéaire, k=1.0 up'], ['Recuit Simulé Linéaire, k=1.0 down']});