%Sortie Graphique : 
%Echantillonnage : 1000


%---------------------------------------------------------------------
%Benchmark :data/dsjc250.5.col
close all;
clear all;
figure;
'duree = 3 s'
'duree = 3 s'
'duree = 1 s'
'duree = 1 s'
uBest0=[275.0, 201.0, 171.0, 139.0, 133.0, 117.0, 102.0, 96.0, 90.0, 85.0, 80.0, 77.0, 77.0, 76.0, 74.0, 74.0, 70.0, 69.0, 65.0, 59.0, 56.0, 53.0, 47.0, 45.0, 45.0, 45.0, 43.0, 41.0, 30.0, 30.0, 30.0, 30.0, 30.0, 30.0, 30.0, 30.0, 30.0, 30.0, 30.0, 30.0, 30.0, 30.0, 30.0, 30.0, 30.0, 30.0, 30.0, 30.0, 30.0, 30.0, 30.0, 30.0, 30.0, 30.0, 30.0, 30.0, 27.0, 27.0, 27.0, 27.0, 27.0, 27.0, 27.0, 27.0, 27.0, 27.0, 27.0, 27.0, 27.0, 27.0, 27.0, 27.0, 27.0, 27.0, 27.0, 27.0, 27.0, 27.0, 27.0, 27.0, 27.0, 27.0, 27.0, 27.0, 25.0, 25.0, 25.0, 25.0, 25.0, 25.0, 25.0, 25.0, 25.0, 25.0, 25.0, 25.0, 25.0, 25.0, 25.0, 25.0, 25.0, 25.0, 25.0, 25.0, 25.0, 25.0, 25.0, 25.0, 25.0, 25.0, 25.0, 25.0, 20.0, 20.0, 20.0, 20.0, 20.0, 20.0, 20.0, 20.0, 20.0, 20.0, 20.0, 20.0, 20.0, 20.0, 20.0, 20.0, 20.0, 20.0, 20.0, 20.0, 20.0, 20.0, 20.0, 20.0, 20.0, 20.0, 20.0, 20.0, 20.0, 20.0, 20.0, 20.0, 20.0, 20.0, 20.0, 20.0, 20.0, 20.0, 20.0, 20.0, 20.0, 20.0, 20.0, 20.0, 20.0, 20.0, 20.0, 20.0, 20.0, 20.0, 20.0, 20.0, 20.0, 20.0, 20.0, 20.0, 19.0, 19.0, 19.0, 19.0, 19.0, 19.0, 19.0, 19.0, 19.0, 19.0, 19.0, 19.0, 19.0, 19.0, 19.0, 19.0, 19.0, 19.0, 19.0, 19.0, 19.0, 19.0, 19.0, 19.0, 19.0, 19.0, 19.0, 19.0, 19.0, 19.0, 19.0, 19.0, 19.0, 19.0, 19.0, 19.0, 19.0, 19.0, 19.0, 19.0, 19.0, 19.0, 19.0, 19.0, 19.0, 19.0, 19.0, 19.0, 19.0, 19.0, 19.0, 19.0, 19.0, 19.0, 19.0, 19.0, 19.0, 19.0, 19.0, 19.0, 19.0, 19.0, 19.0, 19.0, 19.0, 19.0, 19.0, 19.0, 19.0, 19.0, 19.0, 19.0, 19.0, 19.0, 19.0, 19.0, 19.0, 19.0, 19.0, 19.0, 19.0, 19.0, 19.0, 19.0, 19.0, 19.0, 19.0, 19.0, 19.0, 19.0, 19.0, 19.0, 19.0, 19.0, 19.0, 19.0, 19.0, 19.0, 19.0, 19.0, 19.0, 19.0, 19.0, 19.0, 19.0, 19.0, 19.0, 19.0, 19.0, 19.0, 19.0, 19.0, 19.0, 19.0, 19.0, 19.0, 19.0, 19.0, 19.0, 19.0, 19.0, 19.0, 19.0, 19.0, 19.0, 19.0, 19.0, 19.0, 19.0, 19.0, 19.0, 19.0, 19.0, 19.0, 19.0, 19.0, 19.0, 19.0, 19.0, 19.0, 19.0];
uBest1=[50.0, 50.0, 50.0, 50.0, 50.0, 50.0, 50.0, 50.0, 50.0, 50.0, 50.0, 50.0, 50.0, 50.0, 50.0, 50.0, 50.0, 50.0, 50.0, 50.0, 50.0, 50.0, 50.0, 50.0, 50.0, 50.0, 50.0, 50.0, 50.0, 50.0, 50.0, 50.0, 50.0, 50.0, 50.0, 50.0, 50.0, 50.0, 50.0, 50.0, 50.0, 49.0, 49.0, 49.0, 49.0, 47.0, 47.0, 46.0, 46.0, 46.0, 46.0, 46.0, 46.0, 46.0, 46.0, 45.0, 27.0, 27.0, 27.0, 27.0, 27.0, 27.0, 27.0, 27.0, 27.0, 27.0, 27.0, 27.0, 27.0, 27.0, 27.0, 27.0, 27.0, 27.0, 27.0, 27.0, 27.0, 27.0, 27.0, 27.0, 27.0, 27.0, 27.0, 27.0, 27.0, 27.0, 27.0, 27.0, 27.0, 27.0, 27.0, 27.0, 27.0, 27.0, 27.0, 27.0, 27.0, 27.0, 27.0, 27.0, 27.0, 27.0, 27.0, 27.0, 27.0, 27.0, 27.0, 27.0, 27.0, 27.0, 27.0, 27.0, 27.0, 27.0, 27.0, 27.0, 27.0, 27.0, 27.0, 27.0, 27.0, 27.0, 27.0, 27.0, 27.0, 27.0, 27.0, 27.0, 27.0, 27.0, 27.0, 27.0, 27.0, 27.0, 27.0, 27.0, 27.0, 27.0, 27.0, 27.0, 25.0, 25.0, 25.0, 25.0, 25.0, 25.0, 25.0, 25.0, 25.0, 25.0, 25.0, 25.0, 25.0, 25.0, 25.0, 25.0, 25.0, 25.0, 25.0, 25.0, 25.0, 25.0, 25.0, 25.0, 25.0, 25.0, 25.0, 25.0, 25.0, 25.0, 25.0, 25.0, 25.0, 25.0, 25.0, 25.0, 25.0, 25.0, 25.0, 25.0, 25.0, 25.0, 25.0, 25.0, 25.0, 25.0, 25.0, 25.0, 25.0, 25.0, 25.0, 25.0, 25.0, 25.0, 25.0, 25.0, 25.0, 25.0, 25.0, 25.0, 25.0, 25.0, 25.0, 25.0, 25.0, 25.0, 25.0, 25.0, 25.0, 25.0, 25.0, 25.0, 25.0, 25.0, 25.0, 25.0, 25.0, 25.0, 25.0, 25.0, 25.0, 25.0, 25.0, 25.0, 25.0, 25.0, 25.0, 25.0, 25.0, 25.0, 25.0, 25.0, 25.0, 25.0, 25.0, 25.0, 25.0, 25.0, 25.0, 25.0, 25.0, 25.0, 25.0, 25.0, 25.0, 25.0, 25.0, 25.0, 25.0, 25.0, 25.0, 25.0, 25.0, 25.0, 25.0, 25.0, 25.0, 25.0, 25.0, 25.0, 25.0, 25.0, 25.0, 25.0, 25.0, 25.0, 25.0, 25.0, 25.0, 25.0, 25.0, 25.0, 25.0, 25.0, 25.0, 25.0, 25.0, 25.0, 25.0, 25.0, 25.0, 25.0, 25.0, 25.0, 25.0, 25.0, 25.0, 25.0, 25.0, 25.0, 25.0, 25.0, 25.0, 25.0, 25.0, 25.0, 25.0, 25.0, 25.0, 25.0, 25.0, 25.0, 25.0, 25.0, 25.0, 25.0, 25.0, 25.0, 25.0];
u=[uBest0; uBest1; ];
vect=1000*(1:309);
taille = 309;
umean=zeros(taille,1);
uintervalleincertitude = zeros(taille,2);
for i = 1:taille;
			umean(i) = mean(u(:,i));
			nombredeVecteurs=length(u(:,1));
			uincertitude(i) = std(u(:,i))/sqrt(nombredeVecteurs);
			uintervalleincertitude(i,1) = umean(i) + uincertitude(i)*1.96;
			uintervalleincertitude(i,2) = umean(i) - uincertitude(i)*1.96;
			end;
plot(vect,uintervalleincertitude,'blue');
hold on;
vBest0=[273653.0, 273584.0, 273560.0, 273539.0, 273523.0, 273513.0, 273500.0, 273488.0, 273480.0, 273478.0, 273470.0, 273467.0, 273463.0, 273461.0, 273455.0, 273455.0, 273455.0, 273455.0, 273455.0, 273455.0, 273455.0, 273455.0, 273455.0, 273455.0, 273455.0, 273455.0, 273454.0, 273451.0, 273448.0, 273445.0, 273441.0, 273441.0, 273438.0, 273435.0, 273435.0, 273435.0, 273435.0, 273435.0, 273435.0, 273434.0, 273432.0, 273427.0, 273426.0, 273422.0, 273421.0, 273421.0, 273419.0, 273419.0, 273419.0, 273417.0, 273417.0, 273417.0, 273417.0, 273417.0, 273417.0, 273417.0, 273417.0, 273415.0, 273415.0, 273415.0, 273414.0, 273414.0, 273413.0, 273413.0, 273413.0, 273413.0, 273413.0, 273413.0, 273413.0, 273413.0, 273413.0, 273413.0, 273413.0, 273413.0, 273413.0, 273413.0, 273413.0, 273413.0, 273413.0, 273413.0, 273413.0, 273413.0, 273413.0, 273413.0, 273413.0, 273413.0, 273411.0, 273410.0, 273410.0, 273410.0, 273410.0, 273410.0, 273410.0, 273410.0, 273410.0, 273410.0, 273410.0, 273410.0, 273410.0, 273408.0, 273408.0, 273408.0, 273408.0, 273408.0, 273408.0, 273408.0, 273408.0, 273408.0, 273408.0, 273408.0, 273408.0, 273408.0, 273408.0, 273407.0, 273407.0, 273407.0, 273407.0, 273407.0, 273406.0, 273406.0, 273406.0, 273406.0, 273406.0, 273406.0, 273406.0, 273406.0, 273406.0, 273406.0, 273406.0, 273406.0, 273406.0, 273406.0, 273406.0, 273406.0, 273406.0, 273406.0, 273406.0, 273406.0, 273406.0, 273406.0, 273406.0, 273406.0, 273406.0, 273406.0, 273406.0, 273406.0, 273406.0, 273406.0, 273406.0, 273406.0, 273406.0, 273406.0, 273406.0, 273406.0, 273406.0, 273406.0, 273406.0, 273406.0, 273406.0, 273406.0, 273406.0, 273406.0, 273406.0, 273406.0, 273406.0, 273406.0, 273406.0, 273406.0, 273406.0, 273406.0, 273406.0, 273406.0, 273406.0, 273406.0, 273406.0, 273406.0, 273406.0, 273406.0, 273406.0, 273406.0, 273406.0, 273406.0, 273406.0, 273406.0, 273406.0, 273406.0, 273406.0, 273406.0, 273406.0, 273406.0, 273406.0, 273406.0, 273406.0, 273406.0, 273406.0, 273406.0, 273406.0, 273406.0, 273406.0, 273406.0, 273406.0, 273406.0, 273406.0, 273406.0, 273406.0, 273406.0, 273406.0, 273406.0, 273406.0, 273406.0, 273406.0, 273406.0, 273406.0, 273406.0, 273406.0, 273406.0, 273406.0, 273406.0, 273406.0, 273406.0, 273406.0, 273406.0, 273406.0, 273406.0, 273406.0, 273406.0, 273406.0, 273406.0, 273406.0, 273406.0, 273406.0, 273406.0, 273406.0, 273406.0, 273406.0, 273406.0, 273406.0, 273406.0, 273406.0, 273406.0, 273406.0, 273406.0, 273406.0, 273406.0, 273406.0, 273406.0, 273406.0, 273406.0, 273406.0, 273406.0, 273406.0, 273406.0, 273406.0, 273406.0, 273406.0, 273406.0, 273406.0, 273406.0, 273406.0, 273406.0, 273406.0, 273406.0, 273406.0, 273406.0, 273406.0, 273406.0, 273406.0, 273406.0, 273406.0, 273406.0, 273406.0, 273406.0, 273406.0, 273406.0, 273406.0, 273406.0, 273406.0, 273406.0, 273406.0, 273406.0, 273406.0, 273406.0, 273406.0, 273406.0, 273406.0, 273406.0, 273406.0, 273406.0, 273406.0, 273406.0, 273406.0, 273406.0, 273406.0, 273406.0, 273406.0, 273406.0, 273406.0, 273406.0, 273406.0, 273406.0, 273406.0, 273406.0, 273406.0, 273406.0, 273406.0, 273406.0, 273406.0, 273406.0, 273406.0];
vBest1=[273852.0, 273793.0, 273752.0, 273729.0, 273716.0, 273708.0, 273695.0, 273687.0, 273680.0, 273675.0, 273670.0, 273665.0, 273659.0, 273652.0, 273650.0, 273648.0, 273644.0, 273641.0, 273641.0, 273641.0, 273635.0, 273635.0, 273635.0, 273635.0, 273632.0, 273632.0, 273632.0, 273632.0, 273631.0, 273631.0, 273629.0, 273628.0, 273625.0, 273623.0, 273621.0, 273618.0, 273614.0, 273614.0, 273614.0, 273614.0, 273614.0, 273614.0, 273614.0, 273614.0, 273614.0, 273614.0, 273614.0, 273614.0, 273614.0, 273614.0, 273614.0, 273612.0, 273610.0, 273610.0, 273610.0, 273610.0, 273610.0, 273607.0, 273607.0, 273607.0, 273607.0, 273603.0, 273603.0, 273603.0, 273603.0, 273603.0, 273603.0, 273603.0, 273603.0, 273603.0, 273603.0, 273603.0, 273603.0, 273603.0, 273603.0, 273603.0, 273603.0, 273603.0, 273603.0, 273603.0, 273603.0, 273601.0, 273600.0, 273599.0, 273599.0, 273599.0, 273599.0, 273599.0, 273599.0, 273599.0, 273599.0, 273599.0, 273599.0, 273599.0, 273599.0, 273599.0, 273599.0, 273599.0, 273599.0, 273599.0, 273599.0, 273599.0, 273599.0, 273599.0, 273599.0, 273599.0, 273599.0, 273599.0, 273599.0, 273599.0, 273599.0, 273599.0, 273599.0, 273598.0, 273598.0, 273598.0, 273598.0, 273598.0, 273598.0, 273598.0, 273598.0, 273598.0, 273598.0, 273598.0, 273598.0, 273598.0, 273598.0, 273598.0, 273598.0, 273598.0, 273598.0, 273598.0, 273598.0, 273598.0, 273598.0, 273598.0, 273598.0, 273598.0, 273598.0, 273598.0, 273598.0, 273598.0, 273598.0, 273598.0, 273598.0, 273598.0, 273597.0, 273597.0, 273597.0, 273597.0, 273597.0, 273597.0, 273597.0, 273597.0, 273597.0, 273596.0, 273596.0, 273596.0, 273596.0, 273596.0, 273596.0, 273596.0, 273596.0, 273596.0, 273596.0, 273596.0, 273596.0, 273596.0, 273596.0, 273596.0, 273596.0, 273596.0, 273596.0, 273596.0, 273596.0, 273596.0, 273596.0, 273596.0, 273595.0, 273595.0, 273595.0, 273595.0, 273595.0, 273595.0, 273595.0, 273595.0, 273595.0, 273595.0, 273595.0, 273595.0, 273595.0, 273595.0, 273595.0, 273595.0, 273595.0, 273595.0, 273595.0, 273595.0, 273595.0, 273595.0, 273595.0, 273595.0, 273595.0, 273595.0, 273595.0, 273595.0, 273595.0, 273595.0, 273595.0, 273595.0, 273595.0, 273595.0, 273595.0, 273595.0, 273595.0, 273595.0, 273595.0, 273595.0, 273595.0, 273595.0, 273595.0, 273595.0, 273595.0, 273595.0, 273595.0, 273595.0, 273595.0, 273595.0, 273595.0, 273595.0, 273595.0, 273595.0, 273595.0, 273595.0, 273595.0, 273595.0, 273595.0, 273595.0, 273595.0, 273595.0, 273595.0, 273595.0, 273595.0, 273595.0, 273595.0, 273595.0, 273595.0, 273595.0, 273595.0, 273595.0, 273595.0, 273595.0, 273595.0, 273595.0, 273595.0, 273595.0, 273595.0, 273595.0, 273595.0, 273595.0, 273595.0, 273595.0, 273595.0, 273595.0, 273595.0, 273595.0, 273595.0, 273595.0, 273595.0, 273595.0, 273595.0, 273595.0, 273595.0, 273595.0, 273595.0, 273595.0, 273595.0, 273595.0, 273595.0, 273595.0, 273595.0, 273595.0, 273595.0, 273595.0, 273595.0, 273595.0, 273595.0, 273595.0, 273595.0, 273595.0, 273595.0, 273595.0, 273595.0, 273595.0, 273595.0, 273595.0, 273595.0, 273595.0, 273595.0, 273595.0, 273595.0, 273595.0, 273595.0, 273595.0, 273595.0, 273595.0, 273595.0, 273595.0, 273595.0];
v=[vBest0; vBest1; ];
vect=1000*(1:309);
taille = 309;
umean=zeros(taille,1);
uintervalleincertitude = zeros(taille,2);
for i = 1:taille;
			umean(i) = mean(v(:,i));
			nombredeVecteurs=length(v(:,1));
			uincertitude(i) = std(v(:,i))/sqrt(nombredeVecteurs);
			uintervalleincertitude(i,1) = umean(i) + uincertitude(i)*1.96;
			uintervalleincertitude(i,2) = umean(i) - uincertitude(i)*1.96;
			end;
plot(vect,uintervalleincertitude,'blue');
title('meilleure énergie sur le data/dsjc250.5.col')
xlabel('Nombre d iterations');
ylabel('Energie');
