seed 1
[6 7 7 8 8 8 8 8 8 8 8 9 9 9 9 9 9 9 10 10 10 10 10 10 10 10 11 12 ]
seed 10
[6 6 7 7 7 8 8 8 8 8 9 9 9 9 9 9 9 10 10 10 10 10 10 10 10 11 11 12 ]
seed 100
[5 7 8 8 8 8 8 8 8 8 8 9 9 9 9 9 9 9 10 10 10 10 10 10 10 10 11 12 ]
seed 1000
[6 7 7 7 8 8 8 8 8 8 9 9 9 9 9 9 9 10 10 10 10 10 10 10 10 10 10 12 ]
seed 10000
[7 7 7 7 7 7 8 8 8 9 9 9 9 9 9 9 9 9 9 10 10 10 10 10 10 11 11 12 ]
seed 100000
[6 7 7 8 8 8 8 8 8 9 9 9 9 9 9 9 9 9 9 9 10 10 10 10 10 10 11 12 ]
seed 1000000
[6 7 7 7 7 8 8 8 8 9 9 9 9 9 9 9 9 9 9 10 10 10 10 10 10 11 11 12 ]
seed 10000000
[5 6 7 7 8 8 8 8 8 9 9 9 9 9 9 9 9 10 10 10 10 10 10 10 10 10 11 12 ]
seed 100000000
[6 7 7 8 8 8 8 8 8 8 9 9 9 9 9 9 9 9 9 10 10 10 10 10 10 10 11 12 ]
seed 1000000000
[5 6 7 7 7 8 8 8 8 8 9 9 9 9 9 10 10 10 10 10 10 10 10 10 10 10 11 12 ]
